0,1,336,731,869,513,527,929,545,809,666,290
1,1,636,315,858,181,426,887,176,16,128,839
2,0,891,187,511,656,256,217,597,100,493,421
3,0,580,538,428,59,443,747,977,66,993,607
4,1,351,803,654,138,263,87,766,491,508,33
5,0,868,814,778,72,177,851,162,847,674,817
6,0,386,824,755,809,399,66,977,772,191,742
7,1,315,845,94,677,17,184,865,258,67,339
8,0,773,284,457,716,360,991,565,820,861,956
9,1,10,125,711,222,230,193,29,547,422,211
10,0,540,117,701,481,235,795,36,199,288,218
11,5,746,388,882,702,346,649,710,550,367,676
12,1,31,935,663,348,205,877,204,418,507,470
13,1,129,749,386,952,513,111,396,708,440,987
14,3,843,502,890,594,693,214,873,522,738,477
15,1,575,192,566,689,960,425,303,471,103,893
16,1,317,963,557,485,406,192,255,603,368,562
17,1,179,791,943,6,571,96,157,922,638,968
18,1,841,35,557,485,21,626,223,407,123,112
19,0,290,552,807,239,198,451,523,670,971,808
20,1,637,737,716,746,344,966,986,840,815,196
21,1,320,649,704,377,884,251,153,512,541,155
22,1,906,780,21,758,830,992,546,178,781,891
23,0,646,411,936,200,182,677,360,415,989,362
24,3,462,172,371,917,43,691,848,585,710,774
25,0,203,433,945,130,345,566,952,337,979,790
26,3,345,70,311,4,520,866,459,440,466,418
27,1,234,523,994,531,567,469,652,149,281,203
28,0,557,456,600,273,70,926,912,930,400,948
29,1,929,538,894,483,13,770,398,642,758,456
30,2,198,445,768,736,25,753,4,687,902,972
31,1,914,703,341,213,553,114,599,850,248,140
32,1,843,882,701,215,556,158,63,42,334,390
33,3,332,598,427,636,938,141,81,769,508,574
34,0,341,887,496,857,414,709,598,2,659,803
35,0,234,454,924,201,630,768,272,920,868,231
36,1,830,392,724,220,849,596,722,397,833,573
37,0,502,200,20,268,986,962,702,84,666,241
38,1,240,941,88,428,243,857,331,474,361,8
39,4,767,481,278,993,451,839,601,800,872,422
40,1,108,724,197,836,381,690,248,759,377,507
41,0,30,800,667,159,120,221,938,783,574,164
42,0,393,220,573,643,563,723,138,621,284,508
43,0,458,439,117,995,881,600,62,589,149,72
44,1,945,324,56,253,293,832,354,224,188,401
45,1,179,96,813,172,153,322,264,978,88,530
46,0,802,398,367,962,216,564,608,0,297,590
47,1,119,969,511,99,926,4,535,450,181,8
48,1,572,547,991,32,698,990,50,329,858,8
49,1,554,788,698,301,80,514,798,812,220,985
50,1,954,172,834,915,722,790,762,381,641,889
51,0,765,907,713,656,401,210,175,622,46,155
52,1,123,121,312,606,583,8,866,871,585,649
53,1,778,678,211,305,294,699,246,41,986,341
54,0,882,231,299,295,53,522,732,905,117,266
55,4,229,845,197,612,990,7,345,160,26,653
56,0,241,629,700,561,510,225,638,646,907,976
57,0,728,345,110,574,66,475,854,573,23,964
58,3,989,582,497,905,996,274,364,815,117,842
59,3,165,852,591,523,814,357,720,855,6,326
60,0,882,736,6,273,466,748,147,279,498,826
61,1,883,427,38,256,516,296,913,842,605,339
62,1,578,293,919,776,549,781,247,505,55,79
63,1,31,101,765,800,416,786,755,906,459,370
64,0,138,250,935,172,447,906,860,390,939,374
65,0,275,331,430,220,723,890,753,936,364,139
66,3,173,442,753,768,802,111,801,489,516,450
67,1,997,339,178,860,595,503,642,630,670,858
68,0,54,574,70,860,830,674,821,824,331,509
69,1,902,957,546,286,842,32,394,550,342,580
70,0,127,157,668,640,477,816,106,561,183,814
71,1,788,591,968,154,454,311,245,338,429,355
72,0,561,929,5,249,950,322,468,447,745,593
73,0,909,872,325,650,592,33,932,768,736,289
74,1,532,388,53,100,716,816,617,675,196,869
75,1,820,524,589,288,181,110,454,242,503,311
76,1,63,852,517,253,576,487,317,550,477,237
77,1,755,464,207,452,905,433,908,327,695,458
78,0,953,241,184,63,752,288,96,959,679,868
79,1,163,149,456,491,123,762,72,672,418,808
80,0,339,74,531,562,222,736,528,568,997,289
81,0,884,821,972,457,296,708,106,808,806,738
82,0,174,201,312,661,61,166,997,673,218,139
83,1,620,55,725,521,810,879,139,490,645,389
84,1,879,500,973,518,138,418,463,490,100,566
85,0,875,813,222,906,287,577,323,705,233,937
86,0,84,400,441,468,391,424,62,862,958,911
87,0,997,397,586,844,727,979,332,394,8,956
88,1,868,419,291,416,791,612,238,477,325,980
89,0,170,90,35,872,159,922,971,702,863,813
90,3,261,547,564,219,876,605,360,284,888,292
91,1,379,331,208,9,784,507,588,914,963,655
92,1,941,162,902,256,53,667,16,541,621,5
93,1,892,218,643,871,532,168,336,558,18,509
94,1,0,58,237,108,171,302,268,409,644,423
95,1,6,22,135,263,714,944,872,587,946,141
96,1,752,476,206,732,667,749,408,760,8,936
97,1,349,296,573,847,437,812,706,426,805,327
98,1,826,593,46,358,922,720,723,828,786,823
99,0,792,9,777,244,521,736,689,120,929,196
100,0,564,523,511,200,272,262,514,927,986,692
101,3,816,683,670,455,962,539,956,540,416,609
102,0,804,165,726,444,753,276,980,686,698,363
103,1,492,349,645,6,475,227,693,792,304,844
104,1,973,547,33,661,529,179,930,964,368,713
105,1,674,60,188,305,377,45,702,739,163,38
106,1,980,360,742,862,484,871,330,987,71,898
107,1,463,730,286,840,341,174,219,873,192,173
108,4,155,273,136,482,784,131,887,423,737,143
109,1,140,782,648,930,897,704,545,383,67,680
110,1,126,145,428,880,912,470,445,574,704,503
111,0,274,291,661,58,329,452,236,678,961,825
112,4,4,363,345,579,376,90,234,180,364,272
113,3,82,427,27,508,885,357,217,534,364,661
114,0,823,352,355,680,818,810,585,28,362,126
115,3,248,432,397,642,471,488,290,347,968,698
116,1,820,991,690,247,943,903,736,479,188,929
117,0,46,629,206,691,618,147,243,635,235,899
118,1,99,3,928,355,705,824,196,817,94,829
119,1,330,833,46,396,426,905,727,432,760,323
120,1,568,738,653,37,822,625,325,632,979,956
121,0,52,807,761,520,535,488,151,171,11,565
122,1,257,354,657,330,119,40,221,424,552,716
123,0,69,954,104,80,255,341,555,647,350,111
124,1,676,91,233,75,773,549,811,871,806,725
125,0,154,937,147,721,825,334,708,682,329,32
126,0,218,381,826,230,235,85,0,187,554,241
127,1,622,579,678,333,749,44,897,396,247,857
128,1,942,614,96,413,648,692,28,872,796,910
129,0,58,969,45,104,646,184,561,262,446,861
130,0,422,432,822,246,527,409,902,210,26,855
131,3,787,607,406,793,574,67,532,82,393,85
132,1,51,784,897,551,667,16,724,523,585,913
133,1,332,824,705,342,999,502,797,853,241,813
134,1,639,169,742,204,575,941,738,260,402,124
135,0,69,297,73,644,183,947,806,492,160,141
136,1,795,419,949,70,122,679,575,855,661,859
137,1,287,722,707,250,265,227,769,365,634,388
138,1,533,462,580,887,493,429,61,838,62,769
139,0,178,471,836,104,884,822,928,618,86,800
140,5,961,93,324,595,726,259,327,939,997,503
141,1,886,353,59,467,919,145,554,290,862,126
142,1,66,536,419,279,292,389,433,800,755,356
143,0,722,540,776,633,590,240,901,90,57,201
144,1,80,800,264,721,886,195,733,295,674,76
145,1,648,866,98,114,107,247,925,582,409,149
146,0,595,0,910,672,819,97,857,501,898,712
147,0,841,612,36,407,288,356,443,398,876,392
148,1,553,6,306,37,582,664,802,916,724,285
149,1,684,264,276,480,947,669,874,273,125,186
150,1,768,368,205,703,1,200,251,697,857,732
151,0,169,527,837,403,775,466,400,110,88,615
152,3,130,778,899,800,913,587,115,450,466,252
153,1,415,602,691,311,973,839,797,841,924,55
154,1,191,800,701,298,77,73,9,484,371,572
155,1,457,389,153,548,339,6,163,480,879,832
156,0,998,348,414,923,15,386,173,673,704,453
157,1,410,56,825,920,165,31,405,335,683,811
158,1,788,933,264,485,66,594,661,689,52,582
159,1,317,734,121,720,473,284,767,845,337,598
160,0,352,193,594,599,116,898,716,82,876,274
161,1,704,891,578,53,136,762,479,999,371,658
162,1,660,138,751,834,848,809,264,954,433,282
163,3,17,661,711,45,608,275,765,262,842,898
164,1,265,31,578,498,72,250,962,923,1,749
165,1,261,116,427,169,227,262,693,549,859,188
166,3,809,573,996,708,138,4,785,30,215,328
167,0,852,867,657,220,310,682,523,798,402,985
168,1,240,230,430,357,478,43,217,302,916,30
169,1,540,857,48,841,394,437,723,330,301,859
170,1,66,292,753,897,217,159,407,173,610,542
171,0,409,491,851,43,927,596,999,535,476,943
172,0,935,310,255,41,20,701,107,895,229,767
173,1,469,11,696,157,291,472,94,493,716,375
174,0,502,853,733,852,55,247,813,95,461,469
175,4,210,602,840,153,272,919,242,477,86,146
176,0,198,531,532,339,217,889,373,515,504,458
177,1,427,153,197,449,804,891,61,822,399,218
178,1,999,159,408,373,349,481,410,467,76,422
179,4,113,86,129,43,631,579,906,830,585,565
180,4,8,14,121,204,434,746,132,869,496,551
181,1,142,296,895,742,271,772,235,496,766,176
182,0,212,88,398,169,191,725,940,767,592,911
183,1,60,945,364,882,226,773,966,128,476,650
184,0,907,917,870,390,206,610,844,521,38,849
185,1,55,221,150,752,56,694,305,615,919,121
186,1,697,457,88,862,26,442,842,868,398,154
187,0,971,515,396,995,860,298,16,549,524,443
188,0,711,481,500,518,407,46,57,324,244,323
189,0,294,997,444,348,388,29,836,61,460,868
190,1,286,109,643,559,223,493,342,922,881,192
191,0,992,281,780,529,520,412,222,339,306,218
192,3,666,843,470,160,564,33,966,679,782,331
193,3,996,919,807,863,528,991,443,472,854,484
194,5,741,807,417,882,91,906,171,185,495,28
195,0,340,485,197,506,945,57,866,895,890,824
196,1,63,346,596,843,329,148,941,192,32,987
197,0,683,712,554,953,286,807,765,725,311,480
198,0,543,581,480,609,751,394,26,386,570,529
199,4,755,644,597,12,848,699,850,535,226,894
200,1,933,484,92,608,985,890,856,227,61,16
201,0,793,320,603,36,280,523,284,742,739,831
202,1,416,468,236,677,106,644,966,618,922,309
203,1,209,722,204,632,170,88,348,628,633,834
204,0,712,424,355,826,44,73,50,535,586,342
205,0,216,786,94,177,428,244,135,305,92,458
206,1,363,887,159,699,329,394,182,804,88,82
207,0,620,676,271,357,979,26,303,299,483,472
208,0,190,321,458,464,117,882,342,761,338,732
209,3,216,611,866,64,947,518,574,721,5,940
210,0,266,401,280,360,883,479,750,805,459,801
211,0,57,169,120,907,589,282,283,797,360,390
212,1,224,254,630,654,174,618,702,328,486,605
213,1,994,455,505,16,474,182,138,888,454,184
214,1,842,336,278,872,348,71,111,194,200,643
215,1,385,322,838,940,898,644,233,17,777,9
216,1,976,969,642,588,144,147,998,755,164,723
217,4,387,519,73,335,416,345,608,982,500,305
218,5,878,453,91,781,765,360,761,405,40,795
219,1,340,252,456,268,927,273,319,474,515,728
220,1,771,187,840,92,599,631,668,142,827,978
221,1,136,282,906,718,144,177,138,893,492,268
222,1,426,832,813,62,891,591,360,873,475,415
223,0,491,401,888,976,750,82,132,121,677,378
224,0,369,876,30,404,439,522,687,590,206,546
225,4,39,431,73,913,85,582,402,768,991,259
226,1,574,970,891,695,333,304,165,930,168,773
227,0,220,525,499,276,669,958,703,398,16,592
228,0,340,145,502,243,303,446,966,859,387,796
229,0,824,35,940,487,844,244,537,750,363,566
230,3,830,23,282,852,43,399,463,247,246,400
231,1,429,272,85,122,314,634,567,438,499,745
232,1,609,766,944,55,145,508,885,20,272,161
233,1,112,674,525,880,407,594,535,209,148,189
234,1,97,823,872,165,440,364,643,502,328,855
235,1,448,57,761,704,774,5,419,519,314,572
236,0,502,69,296,473,689,826,860,647,320,251
237,1,820,569,115,399,450,689,405,65,954,3
238,5,130,775,484,724,404,875,796,687,528,996
239,1,5,772,416,14,265,774,750,134,531,525
240,0,998,347,758,608,428,790,678,899,942,451
241,0,740,511,491,602,626,166,597,41,101,32
242,1,300,996,612,208,661,167,533,567,471,837
243,1,43,887,695,503,720,896,532,11,620,882
244,0,707,223,950,37,36,887,465,182,368,390
245,1,773,265,172,142,192,673,53,975,763,449
246,1,306,855,973,448,788,182,704,325,223,737
247,1,536,542,472,649,625,375,904,860,886,437
248,1,895,973,982,301,844,83,90,368,687,416
249,1,206,76,147,669,759,359,821,982,10,983
250,1,685,818,151,140,489,161,380,564,648,929
251,1,865,340,373,417,186,880,750,230,953,43
252,1,148,201,585,175,6,250,221,693,150,370
253,0,296,759,246,550,34,558,405,887,696,351
254,1,519,531,189,512,994,465,893,89,656,481
255,0,144,611,811,775,782,858,567,331,439,23
256,3,773,144,802,552,754,431,50,399,2,211
257,0,876,854,408,604,397,378,157,102,188,519
258,1,95,949,509,387,954,644,992,826,270,653
259,1,360,127,639,863,333,553,36,354,580,321
260,1,109,267,131,865,681,810,973,255,332,611
261,0,64,822,825,635,584,982,244,900,551,423
262,1,273,797,198,322,984,620,507,446,397,635
263,1,639,672,737,370,431,608,580,645,239,271
264,1,409,965,271,14,626,692,990,344,805,623
265,1,112,184,22,253,762,348,668,45,290,832
266,1,885,892,883,397,253,143,310,119,821,0
267,1,50,834,840,237,863,378,751,5,151,731
268,1,277,217,759,102,58,509,795,442,103,259
269,1,641,282,63,780,594,664,793,849,146,195
270,3,53,719,260,883,114,940,742,874,402,345
271,1,672,567,430,359,987,442,843,906,13,252
272,0,150,390,907,398,474,578,360,118,633,898
273,0,587,336,130,624,575,454,500,759,343,447
274,1,50,639,360,6,892,214,493,816,218,457
275,1,151,388,950,788,282,867,714,119,963,304
276,0,498,114,130,947,710,589,370,617,104,762
277,1,694,784,446,799,849,70,514,141,809,820
278,0,388,106,789,929,105,659,184,85,680,385
279,1,185,683,899,674,290,526,677,908,210,390
280,0,706,497,370,433,533,1,683,74,661,666
281,0,389,134,514,133,192,481,167,414,945,725
282,0,674,738,159,708,796,709,312,957,677,606
283,0,274,700,220,630,776,483,716,966,703,191
284,1,148,137,557,587,225,580,941,863,626,510
285,1,168,282,233,98,61,603,137,426,249,897
286,1,155,198,627,110,454,764,759,615,716,530
287,1,0,467,61,738,755,35,895,472,867,909
288,0,207,318,836,3,221,656,156,176,465,914
289,0,823,621,574,194,707,976,999,825,652,283
290,1,652,430,214,112,689,930,884,268,294,935
291,1,412,358,486,957,701,982,787,118,179,871
292,0,410,488,648,539,740,747,160,425,310,219
293,0,635,172,636,37,726,410,177,700,555,814
294,3,588,755,421,458,929,226,790,269,673,546
295,1,668,73,79,407,176,122,111,967,319,845
296,0,467,465,509,940,66,415,335,164,633,784
297,0,306,672,832,118,95,515,137,11,794,285
298,1,395,486,456,318,867,396,670,978,801,219
299,1,878,235,882,311,304,393,129,160,928,807
300,1,147,122,665,522,921,757,659,408,416,772
301,1,494,624,360,933,480,861,70,543,831,552
302,0,831,363,379,827,293,826,991,766,323,248
303,1,348,371,463,539,842,795,657,553,787,827
304,1,529,541,468,777,125,142,793,80,414,718
305,3,984,277,52,326,821,662,319,353,755,173
306,0,775,813,686,404,160,271,420,154,701,408
307,1,975,776,18,513,999,762,517,531,384,10
308,1,864,436,817,484,873,442,110,246,706,291
309,1,170,965,632,347,58,178,352,404,734,372
310,0,457,784,424,314,138,977,256,345,258,20
311,1,296,853,95,430,732,142,932,67,909,869
312,0,150,163,693,11,232,451,175,194,431,551
313,0,620,592,231,338,281,972,743,540,487,919
314,1,762,608,532,166,525,114,596,49,507,656
315,0,187,407,916,726,605,980,839,935,571,116
316,1,916,756,94,906,130,454,920,952,310,321
317,0,752,182,638,320,787,91,430,269,620,147
318,1,565,823,303,367,498,83,405,300,53,971
319,0,831,785,224,35,958,49,239,835,666,259
320,1,820,370,282,156,473,31,380,46,875,497
321,1,477,876,619,637,794,592,106,938,314,893
322,1,962,225,330,370,716,565,769,682,274,88
323,5,118,993,870,762,567,754,338,780,999,238
324,1,966,518,291,58,60,127,309,986,716,559
325,4,452,812,732,965,827,743,38,151,73,165
326,1,787,144,548,71,218,950,210,490,893,891
327,0,738,476,661,923,108,901,281,374,431,832
328,1,16,375,613,728,838,589,469,511,489,75
329,3,265,536,511,460,703,24,182,446,145,964
330,5,644,180,60,577,880,668,69,487,916,584
331,0,42,342,978,976,885,227,472,865,735,765
332,0,664,749,897,129,542,211,548,727,67,240
333,0,181,496,755,200,971,201,321,925,107,63
334,0,521,850,644,879,634,441,95,217,247,701
335,0,413,52,311,612,351,229,926,842,408,759
336,0,392,192,44,504,99,398,920,293,533,304
337,1,443,165,350,72,883,400,201,444,633,576
338,0,58,134,987,230,977,475,80,626,588,589
339,1,776,750,706,911,521,575,153,710,988,796
340,1,26,812,401,942,12,471,839,162,701,546
341,1,870,921,62,140,532,151,845,724,290,115
342,0,209,635,935,464,447,108,320,817,104,976
343,1,587,783,642,280,475,315,203,997,99,788
344,0,986,706,593,83,342,554,587,312,972,707
345,0,960,304,250,815,281,881,574,314,423,223
346,1,557,429,570,820,720,19,866,644,230,819
347,3,609,19,752,46,388,428,2,596,212,188
348,1,719,457,145,617,548,351,854,754,276,731
349,3,160,215,994,637,428,919,205,559,102,40
350,1,339,698,208,599,14,635,693,84,139,766
351,1,174,722,811,173,73,455,642,83,282,738
352,0,618,219,188,550,717,705,469,536,750,458
353,1,904,841,600,876,450,86,290,207,576,68
354,0,938,220,397,406,760,992,153,78,816,835
355,1,907,104,287,625,883,2,666,304,725,350
356,1,213,458,296,863,435,28,562,954,647,923
357,1,559,173,50,146,735,230,538,466,904,570
358,1,530,444,58,606,851,722,560,822,431,307
359,1,667,180,68,895,539,458,467,784,523,0
360,1,105,403,134,437,599,757,456,325,138,607
361,0,601,422,525,311,172,703,228,199,692,137
362,0,738,700,111,996,783,983,343,117,15,473
363,5,132,72,586,991,385,325,276,505,616,355
364,0,211,388,494,227,419,311,533,327,774,378
365,1,14,319,803,930,724,20,662,564,59,282
366,0,180,517,624,967,451,1,580,335,493,709
367,1,241,29,623,363,266,512,903,189,690,133
368,1,391,273,187,849,201,765,999,612,933,295
369,3,635,636,819,465,101,677,672,429,377,228
370,1,377,675,466,757,312,83,186,134,102,621
371,0,797,933,272,612,321,680,701,495,22,316
372,0,585,66,583,148,750,19,453,552,364,260
373,1,855,959,352,682,19,656,385,903,346,854
374,0,211,740,819,542,53,432,310,906,31,635
375,1,872,875,654,759,310,868,39,658,148,420
376,1,229,662,464,721,885,42,119,453,847,73
377,1,404,49,841,102,53,971,308,734,406,850
378,1,336,741,785,993,338,149,527,97,570,101
379,1,155,979,718,377,350,1,169,282,160,683
380,2,413,38,734,278,990,952,921,651,208,405
381,1,976,852,558,168,392,501,734,406,47,938
382,1,667,285,27,74,364,63,512,968,559,674
383,1,2,122,372,125,915,263,124,563,618,425
384,1,510,136,169,765,63,953,750,500,999,591
385,1,623,74,299,565,719,140,19,240,492,764
386,1,320,535,494,430,807,980,993,344,291,74
387,1,567,915,827,452,703,594,565,994,688,553
388,1,658,723,401,495,483,518,972,480,90,27
389,1,210,601,661,384,985,816,649,134,299,946
390,1,299,149,118,2,298,259,530,993,97,536
391,1,934,107,840,693,664,774,973,121,497,710
392,0,956,251,455,840,189,803,589,173,394,596
393,1,527,88,397,394,401,713,627,415,123,662
394,1,573,8,957,905,403,412,583,571,136,849
395,1,582,252,543,3,691,750,310,121,935,633
396,3,217,636,705,93,496,887,412,77,321,141
397,0,83,535,369,59,137,712,538,275,479,581
398,1,128,837,647,915,223,12,657,460,955,373
399,0,992,370,134,199,857,596,867,725,203,225
400,1,740,463,960,210,502,848,100,776,775,388
401,2,197,491,751,979,398,855,597,473,413,650
402,0,541,749,542,713,837,467,565,348,500,924
403,3,722,357,471,808,138,897,757,165,252,678
404,1,491,854,239,490,660,35,213,268,90,624
405,3,739,142,601,742,542,562,677,978,877,811
406,0,396,745,172,585,194,237,257,325,820,773
407,3,699,163,35,857,998,930,803,937,650,854
408,1,161,860,691,110,540,580,480,169,204,991
409,0,946,840,603,403,516,278,537,71,807,910
410,1,976,792,65,749,506,368,979,438,155,476
411,1,188,873,335,236,249,914,697,429,572,725
412,4,950,916,960,765,115,103,730,517,918,165
413,1,901,475,444,974,88,823,345,761,683,402
414,1,230,513,482,318,396,717,981,553,256,106
415,0,878,478,82,308,862,897,670,648,248,886
416,4,531,671,1,602,77,820,379,413,929,44
417,5,610,959,423,606,487,465,594,812,108,700
418,0,203,892,168,425,210,749,782,813,999,570
419,5,671,266,750,844,498,616,915,173,846,496
420,1,303,402,634,920,444,706,40,464,499,320
421,0,18,647,847,874,62,192,274,124,154,288
422,1,801,97,925,881,82,37,375,762,425,665
423,0,243,208,172,554,211,206,16,227,952,362
424,1,738,53,768,170,192,359,705,784,205,930
425,1,972,730,141,789,580,973,255,930,13,584
426,1,121,345,489,424,156,658,160,699,359,530
427,0,354,897,865,770,587,326,390,331,717,698
428,0,196,869,975,590,970,718,483,411,73,571
429,1,81,781,440,342,228,517,97,346,741,595
430,0,548,906,795,433,137,821,254,465,743,898
431,1,995,542,239,274,759,237,790,660,762,376
432,1,810,924,537,706,338,587,732,335,380,99
433,1,580,816,307,364,954,274,99,872,886,565
434,4,27,386,431,799,200,447,563,259,165,385
435,2,546,341,796,104,615,802,647,372,553,364
436,1,121,392,788,83,387,730,723,370,215,743
437,1,500,57,425,121,110,803,130,270,919,104
438,1,521,655,949,136,601,295,510,869,387,682
439,0,544,932,639,279,579,928,748,847,175,311
440,3,125,700,501,53,173,200,193,89,593,52
441,0,798,341,246,8,768,241,802,620,822,979
442,1,523,782,668,278,129,127,981,443,267,637
443,0,143,102,261,337,579,191,236,658,444,440
444,1,724,473,319,122,46,390,321,91,101,421
445,1,239,321,436,274,850,199,118,955,128,727
446,1,246,817,904,622,677,375,692,926,459,464
447,1,519,934,374,497,672,226,973,945,156,402
448,4,885,793,658,425,155,967,359,297,849,59
449,1,694,125,863,116,647,722,317,316,105,659
450,0,659,633,64,651,998,18,404,990,983,252
451,0,988,69,996,939,876,798,852,664,223,654
452,1,678,318,986,301,174,710,633,594,131,433
453,0,352,400,518,136,993,456,738,513,604,278
454,0,116,621,449,380,768,374,414,703,456,691
455,0,880,679,423,924,723,915,217,491,819,603
456,0,305,870,823,257,467,221,888,232,277,324
457,1,635,275,185,395,503,80,444,702,78,532
458,0,614,969,843,394,55,864,4,201,844,124
459,1,241,560,862,903,790,325,517,69,736,599
460,3,62,888,281,703,591,592,892,581,35,424
461,1,518,725,884,343,627,222,274,625,967,144
462,1,18,311,125,110,883,861,237,300,570,74
463,0,388,125,936,959,52,958,65,834,1,519
464,1,159,313,593,333,981,152,259,496,463,625
465,1,885,997,437,443,884,978,49,943,972,911
466,4,193,163,666,651,830,753,446,249,155,41
467,1,384,121,162,262,31,461,405,673,363,757
468,1,489,602,139,473,835,133,870,712,450,826
469,1,889,331,527,333,283,71,78,375,707,745
470,1,222,413,763,587,535,485,904,705,493,808
471,1,599,555,964,317,259,145,79,706,538,120
472,1,128,101,105,79,987,130,869,849,322,15
473,1,129,44,796,336,145,767,146,174,625,715
474,1,513,107,839,108,272,518,192,911,234,35
475,1,144,546,121,503,752,268,694,684,883,380
476,1,708,101,147,184,979,234,176,322,613,451
477,1,93,61,921,793,481,875,435,52,320,17
478,1,194,570,740,391,385,691,945,480,966,444
479,0,519,402,348,547,353,800,193,537,973,931
480,1,359,680,307,229,128,22,397,380,509,996
481,0,516,623,226,144,176,194,547,50,942,924
482,3,961,864,16,989,600,524,472,664,174,880
483,0,759,736,609,45,503,326,397,646,5,428
484,3,700,969,451,252,92,415,257,247,722,0
485,1,887,652,273,11,676,158,141,873,935,987
486,1,272,404,490,823,898,242,913,835,536,607
487,0,218,923,846,195,575,305,389,943,454,50
488,0,910,781,638,809,371,76,725,606,374,190
489,1,389,522,939,289,692,684,353,454,629,33
490,1,313,971,600,811,863,294,231,423,876,582
491,0,493,462,663,480,934,81,368,502,168,324
492,1,313,233,708,129,206,748,479,125,653,280
493,0,776,532,649,955,19,9,539,450,917,859
494,0,174,620,228,938,642,210,730,1,2,415
495,1,133,577,125,331,391,311,535,126,531,550
496,1,7,177,632,665,701,637,347,968,468,806
497,0,725,549,273,289,417,807,552,440,872,784
498,1,8,282,332,761,102,110,442,173,454,419
499,0,997,77,249,860,899,457,5,88,303,167
500,1,251,154,758,661,584,652,112,613,605,124
501,1,601,384,150,512,381,932,201,154,521,875
502,1,449,553,879,11,876,410,148,32,836,373
503,0,561,623,983,764,591,291,661,232,20,951
504,0,556,310,14,669,578,816,435,663,577,136
505,1,190,602,645,654,743,855,155,502,897,994
506,1,761,900,670,231,181,98,684,301,837,42
507,1,669,541,457,28,337,148,483,577,672,784
508,5,746,506,817,569,215,883,723,248,710,239
509,1,564,920,366,558,703,670,668,219,797,631
510,0,174,746,356,74,153,627,826,711,69,623
511,1,570,637,650,401,862,910,349,178,847,166
512,0,516,979,654,540,140,581,168,838,584,214
513,0,960,508,619,217,36,391,466,488,476,185
514,0,210,458,123,561,962,374,402,903,525,689
515,1,676,709,137,529,873,244,823,460,141,434
516,1,170,20,477,675,801,570,774,620,803,755
517,0,83,591,873,722,187,216,899,963,213,737
518,1,415,788,520,107,443,83,244,823,591,62
519,0,359,486,60,318,473,571,210,304,534,134
520,1,672,524,701,18,903,620,704,564,399,149
521,1,942,71,91,174,797,689,2,153,675,931
522,1,451,256,88,199,57,822,361,497,608,276
523,0,360,697,30,982,496,994,307,963,212,984
524,1,236,100,791,85,439,315,858,124,330,213
525,0,530,432,130,826,331,307,685,627,870,292
526,5,785,355,500,642,484,257,794,111,42,334
527,1,716,929,157,720,760,65,141,301,348,960
528,1,77,246,945,574,579,646,849,684,980,777
529,1,855,414,435,335,919,952,686,292,927,381
530,1,922,615,797,269,783,156,414,764,449,398
531,0,857,701,445,982,497,620,788,863,813,409
532,0,923,937,192,784,703,694,107,34,979,724
533,1,223,637,785,231,497,957,24,265,635,456
534,0,691,522,512,996,837,198,574,459,48,317
535,0,930,382,25,309,269,846,356,925,298,178
536,1,623,66,263,227,226,749,0,17,908,171
537,1,355,112,871,780,467,975,293,457,759,884
538,1,12,118,409,955,424,729,431,652,130,619
539,0,199,738,736,97,476,535,937,371,236,925
540,1,295,707,689,100,269,188,763,407,650,165
541,1,2,137,601,860,577,194,26,705,717,767
542,0,560,298,499,641,861,609,113,765,996,165
543,1,584,567,402,613,127,888,606,49,269,803
544,1,210,680,720,860,906,154,619,630,445,212
545,0,607,678,679,184,108,837,151,90,977,339
546,0,142,297,901,928,693,512,188,766,689,551
547,1,416,803,875,265,142,61,494,784,608,17
548,0,910,909,777,124,315,627,1,444,178,41
549,1,471,283,78,80,824,398,366,120,527,88
550,5,38,363,887,735,640,690,313,995,384,95
551,4,680,737,902,723,825,268,977,353,689,176
552,1,909,561,611,85,117,931,486,908,769,266
553,1,939,115,10,914,975,309,434,457,754,951
554,1,153,228,909,796,733,608,661,967,823,224
555,0,563,473,192,256,687,363,499,437,70,308
556,1,983,64,186,142,217,458,787,979,66,863
557,1,636,240,94,154,892,877,303,916,900,274
558,1,636,701,660,369,66,56,130,619,132,13
559,1,865,439,977,829,126,574,671,74,200,457
560,1,23,219,448,469,419,253,891,514,627,790
561,1,768,576,908,374,494,570,978,315,881,340
562,1,441,639,478,401,327,172,363,338,165,364
563,0,227,153,113,428,54,884,966,407,860,675
564,1,713,897,787,623,166,136,15,986,115,858
565,1,648,292,138,960,178,171,449,191,688,413
566,1,657,289,121,646,378,263,374,323,133,648
567,1,314,461,33,533,161,575,708,743,144,897
568,4,528,889,706,265,330,815,300,802,563,562
569,1,207,197,741,541,544,640,273,826,120,693
570,0,680,860,826,771,35,608,589,94,553,764
571,0,855,178,686,521,918,278,759,254,8,369
572,0,639,958,68,81,617,203,474,963,470,250
573,0,821,212,576,802,882,17,662,704,763,833
574,1,790,425,665,643,503,345,44,17,989,857
575,1,199,403,108,798,891,692,128,426,243,61
576,1,809,534,641,531,273,359,845,572,127,87
577,1,555,297,46,87,527,364,354,573,138,294
578,1,623,927,850,453,831,49,6,640,595,171
579,1,235,288,156,197,32,927,981,397,603,435
580,3,468,129,404,202,799,50,83,289,996,679
581,1,590,54,878,956,288,676,915,870,760,949
582,1,143,452,455,688,462,696,372,610,478,923
583,1,3,391,945,15,596,941,803,590,179,484
584,3,224,161,143,330,843,680,144,394,938,620
585,0,826,509,57,977,615,541,810,683,244,757
586,0,802,617,429,445,644,727,579,468,362,611
587,0,863,962,114,549,538,618,690,65,532,93
588,1,340,795,578,495,145,847,916,895,912,811
589,3,447,647,399,343,39,831,140,644,330,808
590,0,217,871,946,351,587,616,362,461,817,706
591,1,695,307,722,322,727,42,447,547,573,587
592,1,57,175,399,69,248,8,255,779,193,638
593,1,252,119,278,300,871,70,91,800,703,980
594,0,121,990,454,237,223,122,526,39,34,353
595,0,123,97,623,560,569,455,13,291,145,962
596,1,775,868,789,148,584,604,287,26,122,800
597,1,131,348,479,793,49,152,564,680,180,330
598,1,991,257,162,875,838,902,327,477,53,303
599,0,456,960,203,549,899,536,129,515,280,730
600,0,374,560,73,150,46,492,92,654,714,686
601,1,354,273,664,54,868,924,826,768,888,607
602,1,929,102,769,875,55,416,208,780,104,698
603,1,570,730,310,996,979,152,764,452,361,492
604,0,842,545,366,265,486,932,211,414,281,379
605,1,616,582,732,957,416,286,678,635,717,163
606,1,143,372,579,231,703,150,784,186,368,803
607,1,256,618,546,849,343,139,247,957,465,365
608,1,744,583,862,636,320,24,439,861,295,664
609,1,222,784,606,5,90,436,373,302,468,512
610,0,297,348,372,457,143,154,50,180,276,339
611,1,747,830,637,437,255,923,702,112,522,656
612,1,241,947,0,641,314,816,822,483,569,248
613,3,835,158,40,845,94,246,874,289,703,851
614,0,820,699,365,568,175,446,827,792,79,554
615,1,257,935,97,975,277,174,403,481,55,842
616,1,634,744,863,90,362,596,948,574,603,925
617,1,199,432,163,204,785,900,156,669,838,149
618,4,159,887,171,17,460,55,939,876,348,114
619,4,839,0,669,3,668,705,425,526,159,285
620,1,442,218,904,644,198,555,605,970,725,568
621,3,501,956,992,759,253,379,564,928,178,457
622,1,968,146,536,121,151,161,795,185,289,369
623,1,407,825,391,768,361,232,590,170,755,295
624,0,455,496,877,376,2,398,339,45,403,299
625,0,918,302,791,107,274,446,982,99,462,974
626,1,255,444,78,42,218,65,933,549,301,564
627,1,237,886,142,685,590,365,708,943,896,257
628,1,913,542,583,742,597,513,449,794,726,924
629,1,921,430,768,107,355,343,305,655,529,478
630,1,758,536,923,743,97,454,66,538,585,268
631,3,253,543,514,463,480,200,381,303,955,629
632,1,755,389,820,856,307,109,615,321,757,823
633,0,694,35,262,404,997,8,258,786,1,783
634,0,62,544,66,539,14,571,454,4,552,327
635,0,620,835,928,135,678,899,474,446,759,957
636,5,671,447,579,709,760,237,915,538,858,368
637,4,138,333,970,817,901,945,695,645,175,651
638,0,345,208,435,621,527,520,860,148,289,519
639,3,949,544,860,149,455,187,128,421,26,800
640,1,98,556,24,92,384,593,772,554,751,27
641,3,222,324,755,84,993,164,4,793,706,888
642,1,828,59,707,86,24,272,995,210,504,483
643,1,117,282,504,599,83,85,885,578,88,760
644,1,461,540,447,975,52,937,273,91,695,377
645,1,752,131,434,330,810,322,925,484,553,487
646,1,162,361,340,589,655,789,619,158,657,369
647,1,597,783,159,391,639,972,875,146,959,555
648,1,196,755,999,445,357,851,825,663,116,229
649,1,696,252,187,930,183,760,645,858,132,747
650,1,67,606,628,86,589,185,779,700,81,721
651,0,917,763,98,861,200,42,184,194,551,102
652,1,84,886,166,764,571,683,512,436,707,583
653,3,887,923,160,465,60,444,818,930,658,203
654,1,52,919,217,876,416,115,661,698,889,487
655,1,713,950,317,697,540,422,985,30,767,710
656,5,145,570,705,783,727,173,910,920,773,247
657,0,411,821,708,798,520,834,47,127,709,698
658,0,119,157,41,961,685,828,255,167,913,566
659,1,537,247,820,390,234,532,77,667,726,222
660,1,778,827,713,737,305,72,223,330,318,447
661,1,790,628,173,662,612,225,925,393,521,965
662,4,695,106,423,858,776,300,99,764,338,115
663,1,847,705,650,633,341,976,18,764,31,694
664,1,156,88,149,423,941,981,412,519,225,12
665,0,952,580,460,777,987,901,490,23,606,612
666,1,571,255,201,890,127,177,969,592,685,965
667,0,371,654,304,196,17,131,182,421,198,883
668,1,202,130,18,758,376,648,609,377,985,724
669,5,853,506,113,521,312,236,928,734,997,217
670,0,860,985,397,982,136,948,97,162,217,580
671,1,808,407,135,469,996,161,311,198,889,99
672,0,630,321,40,10,941,392,375,738,205,343
673,1,716,509,167,54,929,308,527,134,561,613
674,1,461,395,396,465,627,36,628,776,273,609
675,1,301,900,138,243,90,639,103,918,232,780
676,0,79,18,679,64,997,722,458,295,872,860
677,1,160,968,305,54,140,321,543,600,91,560
678,1,370,883,827,768,435,25,528,848,839,185
679,1,931,690,15,574,18,668,785,875,783,686
680,1,437,971,715,697,873,968,468,109,354,825
681,1,611,370,831,172,940,231,337,159,243,264
682,1,559,444,957,709,577,567,424,923,160,322
683,0,881,668,424,186,361,774,615,732,467,946
684,1,864,822,882,726,756,243,241,464,631,979
685,0,841,524,916,201,687,400,711,965,678,705
686,0,11,187,761,700,705,251,888,962,554,619
687,0,195,972,123,649,20,631,711,717,68,602
688,1,105,831,954,653,629,475,2,781,593,172
689,0,557,237,929,358,690,995,508,845,684,954
690,1,388,206,794,18,83,546,631,548,49,587
691,1,202,196,605,106,331,138,201,295,940,323
692,1,951,765,840,590,52,887,271,825,93,393
693,1,318,160,635,141,167,118,669,717,395,955
694,1,185,316,429,968,242,758,771,202,443,47
695,0,566,948,552,519,533,960,619,305,578,56
696,0,99,632,864,948,229,385,368,708,311,722
697,1,948,362,881,870,710,936,110,55,750,467
698,1,743,540,136,593,621,727,594,688,677,527
699,4,970,814,551,655,162,915,660,416,620,485
700,3,257,633,955,522,668,797,456,66,87,296
701,1,465,242,713,586,532,28,25,816,61,51
702,0,425,458,664,184,222,820,420,707,40,866
703,1,468,224,775,835,84,610,967,254,640,827
704,1,231,322,867,773,936,319,538,333,613,224
705,1,36,25,936,162,39,573,579,529,738,37
706,1,89,608,129,356,370,518,804,883,623,361
707,0,535,126,637,903,143,898,675,728,896,528
708,1,815,455,738,790,414,648,429,144,326,229
709,1,758,37,521,107,637,120,593,543,669,196
710,3,760,378,249,852,515,650,798,70,812,890
711,1,149,200,491,350,41,92,985,234,521,297
712,3,982,863,736,545,12,423,711,725,250,643
713,1,450,46,371,696,780,386,525,568,827,164
714,3,998,694,512,258,387,159,522,922,541,599
715,0,747,702,344,609,94,679,832,924,116,21
716,1,190,643,312,408,9,831,43,649,584,266
717,1,808,462,859,384,270,652,271,351,197,163
718,0,361,61,752,35,766,713,807,206,418,988
719,0,893,965,10,903,624,565,726,994,769,935
720,0,777,308,958,774,722,318,837,40,677,117
721,1,768,837,558,434,256,292,600,149,306,812
722,0,712,170,146,616,297,844,470,234,833,819
723,0,309,586,343,183,553,96,470,893,157,589
724,1,57,600,13,807,996,196,699,762,455,504
725,1,844,816,503,643,910,685,689,787,802,212
726,0,107,325,178,368,133,947,487,929,528,851
727,1,789,430,887,222,934,624,872,280,117,694
728,1,240,802,952,324,889,794,301,823,537,851
729,1,352,167,35,766,523,195,605,284,858,647
730,0,304,694,242,632,343,976,821,972,995,690
731,1,855,849,506,216,65,43,522,89,105,968
732,0,583,509,670,878,13,983,85,672,625,573
733,3,744,408,593,836,79,787,478,289,11,397
734,0,855,763,489,193,219,899,618,321,778,275
735,1,568,866,440,858,935,932,656,753,834,60
736,3,507,832,90,523,728,579,286,451,187,141
737,5,696,821,153,440,955,148,465,745,508,920
738,1,153,519,631,270,337,955,507,764,268,838
739,1,234,829,470,660,252,159,517,355,118,979
740,1,288,93,654,971,332,865,819,354,783,399
741,3,709,65,769,697,470,923,72,591,405,402
742,1,654,760,754,184,753,136,218,243,950,958
743,1,78,850,247,478,704,598,364,633,455,676
744,3,844,905,548,814,202,910,61,122,464,460
745,1,792,916,97,196,102,398,432,925,362,133
746,1,250,576,574,10,405,100,57,410,261,668
747,0,159,158,552,157,302,349,80,529,457,130
748,1,141,296,559,32,898,257,755,276,997,323
749,1,741,984,4,550,269,105,573,797,828,143
750,0,421,615,595,272,468,179,194,23,580,744
751,0,968,245,764,869,951,863,47,160,395,255
752,0,846,313,264,339,884,728,36,13,854,274
753,1,650,210,251,190,695,866,301,552,668,591
754,1,758,923,867,128,623,520,919,186,90,612
755,0,138,612,771,590,645,369,945,671,372,132
756,0,448,660,748,379,402,897,72,818,629,351
757,1,960,950,494,102,650,584,118,713,756,909
758,0,397,2,903,640,663,301,527,489,304,366
759,3,90,89,1,675,216,201,197,16,171,674
760,1,83,845,10,254,809,956,141,980,746,502
761,1,350,811,758,802,674,113,949,59,40,428
762,1,527,97,399,923,973,638,663,118,933,847
763,1,610,492,725,615,832,800,447,912,47,792
764,1,567,25,107,879,480,452,229,159,450,835
765,1,585,732,804,407,337,728,353,166,87,35
766,1,233,719,856,168,575,331,196,848,574,144
767,1,499,621,638,87,359,513,803,348,448,328
768,1,906,853,423,928,82,115,864,921,771,133
769,1,623,551,929,698,413,88,247,612,587,731
770,1,340,520,152,298,112,391,751,118,699,726
771,0,404,967,31,349,243,870,161,668,421,855
772,1,317,2,349,939,418,730,994,316,668,358
773,1,314,579,361,803,209,737,824,277,549,958
774,0,26,520,171,107,180,740,460,949,586,613
775,1,684,328,45,254,482,927,881,237,412,449
776,1,470,88,332,764,582,448,149,172,240,392
777,3,427,941,109,244,319,763,212,383,598,594
778,1,136,656,473,735,857,399,227,733,62,729
779,0,186,880,372,594,551,744,882,482,813,575
780,4,854,771,555,352,917,991,514,406,676,692
781,3,429,340,647,78,446,235,896,573,482,899
782,1,180,973,991,879,155,53,714,36,744,30
783,0,31,38,356,595,383,316,684,257,772,239
784,1,439,743,14,25,914,807,892,516,55,367
785,1,762,914,682,210,519,289,724,4,309,886
786,1,76,394,498,812,424,333,551,712,348,896
787,0,310,299,640,255,495,886,369,769,326,422
788,1,39,303,117,721,94,766,264,166,286,226
789,1,831,436,906,323,334,749,717,844,246,307
790,3,413,394,81,952,380,686,468,403,702,746
791,1,297,895,39,595,467,419,292,918,995,907
792,1,976,479,600,232,607,233,340,177,335,284
793,1,745,99,632,878,35,301,243,533,815,185
794,1,781,733,619,513,888,209,66,168,514,791
795,1,78,581,901,339,235,263,110,665,264,73
796,1,63,349,468,135,122,834,712,464,777,274
797,1,351,2,497,211,218,723,647,490,515,674
798,1,5,946,389,84,576,888,346,18,279,991
799,3,720,494,462,576,546,911,23,532,292,401
800,1,180,886,57,97,519,868,278,304,290,426
801,0,489,858,769,63,701,487,931,812,842,240
802,0,552,907,812,540,407,96,828,303,150,678
803,3,272,123,764,227,143,142,808,509,384,821
804,0,36,297,789,170,940,432,111,523,24,398
805,3,525,866,281,886,195,50,57,954,412,71
806,1,390,691,123,929,296,316,560,746,919,356
807,0,396,372,731,237,120,501,463,987,542,798
808,3,540,776,851,862,924,395,743,930,191,238
809,0,467,836,740,345,898,739,49,73,42,763
810,1,86,749,89,441,652,646,693,496,422,318
811,0,825,651,28,326,694,705,473,913,666,857
812,3,578,669,0,302,493,528,354,721,923,487
813,0,378,518,418,879,831,579,718,965,692,289
814,0,37,930,982,938,825,588,634,194,815,220
815,0,687,221,115,186,749,633,309,578,385,632
816,1,535,33,665,515,268,804,289,922,296,374
817,0,154,740,415,601,866,800,351,33,13,682
818,1,63,347,734,644,874,626,561,431,790,978
819,0,245,746,146,605,391,741,116,341,382,10
820,1,802,572,456,127,484,881,508,411,591,733
821,3,260,639,757,633,253,699,184,318,646,861
822,1,598,816,315,963,725,909,503,711,591,184
823,4,302,36,991,92,400,837,671,77,669,18
824,0,718,435,566,306,482,500,257,81,82,391
825,0,560,611,661,514,889,262,504,598,449,277
826,0,983,197,322,702,430,199,20,518,408,440
827,1,558,728,500,291,819,294,516,797,10,77
828,3,602,578,727,702,113,73,450,67,440,436
829,0,661,173,293,331,71,551,431,230,778,984
830,4,977,449,860,216,164,242,564,266,245,546
831,1,711,310,670,856,84,878,960,354,601,406
832,0,924,415,77,164,203,39,40,123,896,843
833,1,178,81,861,553,883,918,268,141,436,561
834,0,299,194,772,247,836,199,474,512,830,461
835,0,654,907,989,670,448,703,972,185,525,599
836,0,24,501,690,610,668,307,96,540,891,25
837,1,324,503,392,101,254,420,99,658,381,857
838,0,674,20,290,773,756,998,888,716,170,415
839,1,981,210,236,604,442,546,207,219,967,713
840,1,469,225,887,23,273,960,906,304,365,322
841,1,567,647,937,718,323,220,269,692,12,659
842,0,579,162,464,822,808,948,983,564,215,353
843,1,30,168,553,809,617,990,556,126,72,965
844,0,694,941,709,753,451,733,481,211,398,166
845,1,74,243,366,891,687,808,863,852,829,149
846,1,963,202,588,618,668,489,907,308,380,860
847,0,746,756,447,124,193,933,33,808,955,740
848,1,189,651,297,369,881,447,276,81,930,305
849,1,874,715,185,190,34,624,763,859,23,330
850,1,161,352,268,913,796,71,325,88,252,688
851,3,107,742,28,181,26,919,15,941,719,197
852,1,109,111,173,417,131,243,686,550,996,910
853,0,825,446,312,431,156,272,381,598,708,963
854,2,26,281,504,784,793,373,71,242,502,756
855,1,591,422,420,846,325,626,315,612,397,977
856,1,364,825,628,282,286,622,44,741,260,996
857,1,148,889,720,826,932,203,435,314,112,370
858,1,602,289,504,361,687,375,801,376,426,253
859,1,383,453,935,995,732,770,624,877,180,376
860,0,856,691,320,528,602,533,571,291,809,695
861,1,114,374,637,972,636,66,597,526,977,269
862,2,431,393,159,215,551,793,936,548,140,922
863,0,401,324,352,295,270,302,951,766,63,341
864,0,705,621,436,702,341,491,580,417,266,663
865,3,445,60,612,24,770,558,642,46,714,768
866,1,200,798,364,664,946,93,890,724,577,485
867,0,797,803,759,708,231,213,819,224,882,334
868,0,348,788,532,181,178,388,622,406,894,11
869,3,790,299,994,97,43,637,824,169,89,314
870,0,973,263,755,974,381,918,557,698,847,938
871,1,325,245,7,425,477,313,839,417,498,908
872,1,258,676,341,740,463,450,746,332,442,634
873,1,297,158,797,218,855,210,709,666,36,870
874,1,57,234,192,852,721,409,990,970,59,474
875,1,786,211,392,35,874,924,761,322,590,794
876,0,184,531,989,495,683,207,73,116,75,108
877,1,63,893,892,204,733,270,473,272,823,135
878,5,895,755,56,377,890,467,634,674,602,910
879,0,242,354,88,832,183,584,864,21,95,296
880,1,393,444,971,936,901,783,334,400,105,775
881,0,859,989,262,963,971,85,662,560,280,995
882,1,944,223,177,627,216,11,636,241,460,865
883,1,822,433,646,241,409,781,907,352,466,388
884,0,196,504,941,229,143,635,687,171,261,188
885,1,42,407,240,405,650,506,690,253,544,639
886,1,932,589,914,698,174,746,103,649,734,92
887,1,776,90,32,310,772,395,404,598,112,636
888,1,983,49,820,867,740,721,805,319,230,157
889,3,480,197,140,544,153,362,145,284,474,609
890,1,883,16,67,730,796,945,159,355,761,4
891,1,779,81,85,545,473,583,145,171,454,195
892,1,464,69,142,768,427,637,360,164,882,334
893,1,389,650,463,100,743,499,667,584,444,847
894,0,689,688,440,44,413,363,20,270,529,37
895,1,736,990,327,241,32,880,328,183,264,487
896,5,512,501,53,164,293,711,931,241,449,752
897,1,686,959,586,196,600,348,715,225,515,912
898,1,924,605,677,260,245,397,690,383,368,446
899,0,620,18,956,306,430,599,487,611,853,716
900,0,969,276,637,201,796,367,568,624,493,821
901,1,211,939,759,199,108,73,925,557,178,24
902,0,606,932,330,690,537,682,382,908,488,312
903,3,361,375,727,613,391,569,83,674,535,793
904,0,669,240,332,615,336,680,787,625,884,732
905,1,617,296,744,37,662,686,831,773,60,177
906,1,502,133,467,137,831,591,188,845,357,385
907,1,568,619,238,832,786,605,387,475,355,776
908,3,199,384,591,192,979,466,371,387,21,841
909,1,859,667,141,773,843,402,373,780,292,363
910,1,498,946,210,633,328,375,846,748,891,279
911,1,357,746,586,918,923,428,181,318,467,377
912,1,10,795,944,868,464,335,657,309,717,735
913,1,779,627,474,327,473,193,576,767,609,557
914,1,435,313,341,87,141,340,53,152,924,583
915,0,423,501,109,569,681,22,162,850,415,368
916,1,898,493,787,722,244,710,544,301,54,989
917,0,358,116,217,475,115,502,158,647,296,766
918,0,453,462,41,510,398,701,483,582,831,150
919,0,668,457,762,715,602,504,541,961,678,246
920,3,991,141,329,550,10,62,527,804,984,554
921,0,694,687,984,64,155,311,195,75,604,859
922,0,89,999,724,684,167,910,10,426,283,396
923,0,131,947,109,167,937,205,500,8,54,607
924,2,602,407,154,449,835,252,115,790,289,454
925,1,533,863,885,632,316,20,91,456,516,957
926,3,125,2,232,635,210,941,994,874,533,893
927,0,449,392,706,339,456,994,594,307,819,813
928,1,782,931,22,349,532,999,960,159,471,257
929,1,857,950,719,107,671,681,111,825,680,226
930,0,589,216,570,122,715,417,45,711,868,637
931,0,344,763,673,117,360,120,799,407,309,818
932,0,843,860,415,650,522,362,183,155,321,602
933,0,964,841,918,3,699,39,954,427,963,802
934,1,17,872,66,390,298,341,935,43,608,209
935,1,761,605,430,840,64,467,828,747,979,185
936,1,127,738,982,840,653,445,757,875,19,485
937,3,996,611,38,910,440,3,608,348,791,470
938,0,376,757,942,218,592,785,27,75,177,613
939,0,587,878,319,184,19,714,88,691,164,207
940,1,497,124,832,50,1,195,860,499,565,705
941,0,267,786,411,212,138,538,168,874,259,123
942,0,745,100,735,63,386,290,459,231,33,926
943,0,522,882,573,279,10,526,809,853,679,71
944,2,534,623,691,23,627,296,911,934,332,549
945,1,557,81,990,222,492,351,808,728,163,779
946,4,539,120,46,684,823,937,567,519,7,193
947,0,858,535,339,924,483,237,160,451,382,881
948,1,247,764,522,308,62,59,117,378,89,876
949,1,710,598,416,6,187,46,101,37,193,56
950,1,668,56,888,449,334,328,506,290,296,256
951,1,880,350,879,540,451,577,929,865,210,871
952,1,384,999,676,355,108,297,581,525,171,400
953,0,625,792,521,35,715,208,929,773,590,948
954,1,265,671,702,428,102,386,644,404,486,787
955,1,88,679,901,175,462,38,610,846,976,643
956,1,764,717,999,297,151,699,605,498,903,425
957,1,968,929,780,55,896,540,139,699,6,839
958,1,276,131,306,257,771,822,335,417,687,902
959,0,816,746,769,762,14,586,698,377,103,104
960,0,487,311,774,534,866,612,136,287,886,449
961,1,367,569,542,929,523,563,556,492,919,637
962,1,317,46,621,934,742,123,465,944,397,872
963,0,508,422,754,387,688,269,518,119,906,703
964,1,413,811,121,486,533,882,647,60,677,783
965,1,816,865,671,815,96,427,783,825,679,819
966,3,21,544,335,772,724,533,777,619,60,842
967,1,847,201,144,515,871,30,965,149,101,230
968,0,508,272,948,425,246,26,242,146,913,562
969,1,726,593,416,904,14,636,451,765,319,371
970,1,341,78,857,165,687,471,354,42,833,497
971,0,751,235,996,537,423,49,867,512,535,772
972,0,93,971,514,195,376,877,352,769,129,386
973,1,466,922,596,725,584,733,568,966,145,686
974,1,709,367,527,23,343,972,980,27,390,101
975,0,740,530,799,183,497,653,575,599,757,98
976,0,596,510,120,544,791,32,327,818,209,258
977,0,495,404,5,618,511,16,874,949,615,751
978,0,47,127,820,106,913,851,852,284,988,219
979,1,577,952,778,495,24,741,949,253,74,315
980,1,649,475,780,168,906,579,51,790,542,581
981,1,944,88,327,391,317,579,808,825,99,729
982,1,596,819,151,72,576,137,309,704,624,882
983,4,688,728,234,623,901,966,977,793,416,540
984,0,10,26,799,565,944,130,266,882,68,357
985,3,827,246,600,162,218,198,290,803,47,926
986,1,224,451,799,84,9,497,194,902,124,756
987,0,415,373,781,697,292,43,491,744,269,811
988,1,459,153,796,282,212,420,556,257,274,35
989,0,745,850,747,803,389,991,762,492,186,736
990,0,63,716,868,405,303,726,338,961,21,740
991,0,314,310,973,258,950,86,44,559,891,353
992,0,426,912,24,154,367,746,996,769,883,123
993,1,337,475,398,297,553,388,764,235,31,714
994,1,765,776,615,148,221,584,433,803,893,98
995,0,512,141,157,595,721,745,678,714,474,231
996,0,458,300,929,119,399,213,693,416,91,531
997,1,998,703,644,567,853,660,342,547,836,704
998,1,179,532,570,920,395,761,595,321,488,70
999,0,49,556,314,147,555,304,720,701,254,502
