0,1,512,460,756,661,820,375,10,797,805,37,448,976,542,235,526,332,93,683,390,326
1,1,932,207,627,169,584,724,20,403,730,872,152,419,589,418,633,276,604,135,847,23
2,0,766,792,201,231,494,306,978,41,755,718,481,740,355,521,887,43,746,479,46,947
3,0,558,131,660,248,540,172,382,468,192,23,889,959,900,862,64,273,611,521,168,778
4,1,945,480,943,741,601,643,533,543,327,880,961,175,784,66,96,588,276,363,214,548
5,0,141,124,2,557,640,549,800,763,986,516,8,334,738,333,82,999,933,904,6,212
6,0,808,401,659,958,26,604,529,548,830,800,799,3,501,617,600,89,691,820,363,208
7,1,858,596,288,863,804,494,732,305,105,192,237,258,761,879,78,213,274,260,301,299
8,0,981,970,395,778,924,609,300,130,392,384,325,583,148,100,459,895,638,902,36,582
9,1,917,586,520,417,825,535,862,776,555,725,970,694,508,604,999,251,857,519,620,126
10,0,961,973,560,219,578,773,38,691,535,487,312,982,481,259,916,212,322,782,507,907
11,5,511,722,402,500,302,329,92,259,346,190,733,227,497,893,585,963,663,146,742,900
12,1,158,650,192,719,137,211,303,685,704,820,821,769,72,281,729,1,436,136,545,248
13,1,32,800,888,560,960,574,852,192,455,426,715,75,813,782,171,740,45,747,109,245
14,3,49,941,283,925,232,461,465,343,704,282,505,386,62,304,464,174,324,936,948,849
15,1,794,224,443,726,832,579,878,789,975,530,496,652,900,186,519,377,157,711,747,877
16,1,714,56,612,43,36,439,878,809,848,695,573,461,887,902,965,305,159,279,512,278
17,1,794,206,239,218,309,640,737,214,995,584,117,988,452,543,719,700,528,412,883,645
18,1,51,80,572,841,129,681,75,169,978,363,150,347,367,448,417,234,532,729,503,101
19,0,366,149,679,947,264,480,194,166,152,604,881,613,607,893,910,705,787,50,57,4
20,1,94,838,361,677,124,229,270,549,337,142,50,67,287,960,169,44,246,618,840,193
21,1,79,165,163,231,457,611,135,900,650,773,953,811,286,916,575,596,376,573,423,283
22,1,475,882,444,655,533,828,350,927,355,151,878,687,210,987,539,376,603,323,27,487
23,0,226,267,781,189,459,852,646,438,417,572,79,750,906,96,613,42,477,333,383,934
24,3,58,535,446,478,876,750,419,341,932,140,722,992,657,360,13,270,894,440,871,703
25,0,278,96,439,493,662,883,830,476,155,552,337,245,441,498,541,523,588,960,207,489
26,3,546,790,388,846,653,625,500,357,392,949,447,438,641,803,289,779,67,958,267,816
27,1,205,740,159,83,352,475,185,345,594,117,709,992,262,833,631,723,57,846,647,929
28,0,268,562,131,818,881,892,134,980,329,857,482,944,197,322,999,825,78,724,146,730
29,1,53,433,786,408,117,427,796,492,126,837,390,782,898,615,664,623,926,406,228,656
30,2,547,110,297,525,886,946,118,779,215,773,413,133,82,8,202,443,660,634,333,576
31,1,120,392,560,786,169,422,827,214,836,237,438,954,632,397,222,427,813,941,626,127
32,1,812,900,164,505,853,770,938,78,771,947,248,648,283,549,398,386,91,61,88,265
33,3,76,210,995,970,611,132,220,680,681,418,899,469,834,336,942,627,32,31,250,649
34,0,389,223,19,711,684,280,880,16,867,326,821,651,580,771,95,915,912,415,860,82
35,0,369,271,74,596,889,867,468,624,607,769,565,621,966,262,445,931,217,398,202,157
36,1,269,321,948,554,708,695,194,956,419,706,729,701,530,190,128,769,657,763,73,722
37,0,223,471,181,257,417,756,198,177,998,353,175,767,646,741,431,315,135,465,284,924
38,1,284,666,582,842,905,813,775,51,87,198,639,479,976,950,740,119,881,282,214,475
39,4,771,94,280,149,999,93,547,247,762,898,409,677,683,141,597,69,300,576,915,318
40,1,68,435,394,123,5,766,442,371,182,294,827,138,309,330,770,277,892,504,737,265
41,0,19,716,693,822,676,471,586,542,467,297,457,105,524,875,494,376,991,851,745,289
42,0,208,21,369,251,688,214,461,658,878,473,181,470,32,603,420,913,611,918,756,298
43,0,810,574,767,173,861,339,119,320,446,636,718,170,384,991,967,808,318,494,441,600
44,1,334,801,300,85,102,486,258,901,210,104,893,793,144,549,863,903,391,919,404,113
45,1,19,479,507,99,487,83,734,98,366,131,980,104,30,329,554,733,116,593,240,186
46,0,268,780,176,790,754,635,949,10,825,116,737,15,573,330,836,413,812,133,97,222
47,1,296,341,844,85,921,884,76,371,969,688,13,952,169,257,297,919,389,735,466,740
48,1,576,270,196,691,183,231,442,232,321,592,673,655,826,313,509,600,837,13,682,407
49,1,866,37,523,16,251,309,480,303,292,571,808,930,62,145,326,853,959,955,524,804
50,1,100,248,898,298,724,925,395,930,892,310,976,239,450,576,17,337,149,664,949,352
51,0,905,82,601,191,806,679,793,996,464,240,437,463,526,221,40,911,862,402,949,253
52,1,894,10,543,404,455,156,128,721,45,636,282,583,946,376,870,211,979,379,154,987
53,1,856,355,360,480,700,720,272,233,197,351,545,785,934,137,988,42,800,796,973,824
54,0,44,246,819,480,467,588,64,677,2,966,43,808,478,16,268,435,963,878,621,487
55,4,598,571,579,295,956,800,703,90,214,303,728,481,646,26,858,414,359,596,329,426
56,0,106,847,469,489,498,993,569,638,901,642,409,680,581,616,801,998,776,904,364,706
57,0,69,456,233,631,808,784,554,775,411,568,108,769,991,864,395,705,197,357,358,473
58,3,174,806,797,401,697,196,501,756,722,572,673,248,177,936,474,228,323,51,857,601
59,3,358,869,50,450,935,440,764,525,37,190,973,288,305,479,220,647,109,529,699,633
60,0,47,834,515,699,15,400,228,836,774,652,667,32,736,367,804,226,285,780,6,528
61,1,360,973,348,691,359,540,246,597,451,208,436,807,751,112,140,294,865,35,193,238
62,1,131,419,880,466,957,976,169,245,575,890,339,31,46,125,754,451,514,136,63,661
63,1,157,324,481,825,830,213,264,405,601,16,631,810,44,805,38,723,415,856,680,689
64,0,898,930,100,388,668,89,526,806,853,410,85,873,331,592,997,260,76,338,230,715
65,0,101,934,294,266,338,576,462,715,614,178,370,823,24,164,712,500,975,362,778,955
66,3,718,996,43,692,431,709,142,758,959,466,256,100,74,19,498,454,196,221,567,706
67,1,156,553,736,359,4,317,283,573,18,172,200,987,353,406,248,166,705,362,625,509
68,0,117,570,938,947,151,278,857,708,770,722,515,650,883,748,858,728,341,922,592,440
69,1,565,668,201,244,641,29,430,851,511,411,34,23,142,311,744,118,604,570,285,418
70,0,388,348,738,396,48,501,566,300,221,320,699,806,25,970,399,184,735,883,312,878
71,1,529,450,634,494,226,369,252,301,708,493,461,940,321,750,335,995,989,870,242,943
72,0,854,743,518,486,630,624,66,324,594,873,497,818,813,686,129,216,87,714,888,810
73,0,559,403,686,694,82,315,796,376,583,423,400,956,299,794,152,130,8,483,603,267
74,1,830,817,987,629,481,522,796,89,25,810,433,900,949,911,404,401,516,104,486,999
75,1,109,17,611,507,9,654,256,166,477,645,673,459,312,303,482,802,349,533,426,383
76,1,487,161,560,32,564,791,666,674,82,204,864,787,842,442,451,646,737,659,57,558
77,1,486,375,89,551,43,815,742,558,847,521,737,517,187,149,455,758,193,160,94,346
78,0,53,537,736,205,79,85,3,829,667,69,231,377,410,699,199,454,460,894,496,613
79,1,515,513,891,481,720,429,576,774,969,29,267,856,423,906,283,832,905,171,560,589
80,0,237,598,996,342,236,190,843,824,160,186,114,899,468,992,886,55,519,756,935,340
81,0,878,480,689,912,151,71,387,838,996,143,504,719,537,373,698,590,892,946,634,98
82,0,316,45,765,324,332,459,445,220,310,553,586,639,517,149,143,101,411,75,534,315
83,1,534,782,871,429,431,501,126,96,751,808,681,116,354,597,488,169,854,93,154,197
84,1,772,818,940,789,458,525,505,81,117,791,415,247,877,881,890,894,385,745,601,328
85,0,184,234,74,165,113,837,145,699,948,905,931,54,767,262,834,998,509,735,444,222
86,0,186,288,875,987,767,893,347,507,113,129,953,91,778,407,443,149,857,231,684,666
87,0,686,357,130,22,95,561,737,143,751,179,172,728,135,48,90,442,228,57,912,792
88,1,489,708,109,250,129,908,668,201,7,155,631,999,537,54,52,370,585,439,739,344
89,0,166,890,704,492,937,412,202,587,517,598,850,228,349,639,474,542,58,506,212,605
90,3,169,154,904,838,145,224,858,103,689,850,55,362,108,807,569,721,719,366,407,379
91,1,446,454,856,257,200,234,993,740,516,59,822,708,306,164,382,23,34,804,568,735
92,1,935,605,640,768,858,28,702,350,657,332,33,183,641,803,96,408,525,765,433,623
93,1,696,360,44,345,439,725,325,385,762,285,220,346,980,851,413,819,623,788,164,658
94,1,592,496,199,317,484,974,3,500,624,751,458,993,360,747,392,550,263,875,521,864
95,1,737,493,570,634,632,662,511,452,164,108,999,970,258,409,253,42,923,62,383,742
96,1,290,909,78,77,557,926,725,641,6,85,527,374,862,171,916,340,659,975,784,378
97,1,921,927,287,52,141,508,712,949,485,516,354,284,754,988,575,694,749,859,647,599
98,1,345,847,798,335,164,21,256,430,413,305,547,434,708,393,478,530,716,914,802,210
99,0,919,440,438,152,946,403,589,264,735,342,734,609,487,514,980,955,528,258,436,358
100,0,779,232,858,761,64,529,824,598,723,115,897,581,351,786,243,832,661,179,454,39
101,3,856,467,422,641,269,70,424,772,823,485,875,338,929,508,887,648,942,741,479,611
102,0,415,959,983,496,168,655,632,148,51,272,175,494,947,273,637,917,268,764,903,827
103,1,816,922,656,156,102,601,847,136,416,596,779,636,343,254,653,853,547,220,282,225
104,1,174,612,145,24,472,274,896,406,967,456,961,629,362,848,611,919,197,660,655,787
105,1,830,809,668,499,672,89,922,892,839,179,752,665,277,712,979,947,272,2,900,479
106,1,317,857,830,863,533,124,408,916,558,900,865,306,560,520,796,296,807,127,829,844
107,1,950,513,591,908,234,580,378,458,777,639,262,368,974,6,124,654,792,596,320,764
108,4,538,6,753,279,45,174,553,514,468,594,260,612,604,315,736,628,199,701,483,204
109,1,901,435,297,111,674,796,131,848,772,14,955,187,413,181,713,152,845,752,740,203
110,1,124,898,769,506,956,984,786,26,771,900,365,184,986,90,527,908,940,6,91,255
111,0,599,67,308,387,404,927,865,49,644,592,44,259,997,469,730,619,659,117,998,461
112,4,535,25,515,720,607,431,863,622,439,848,67,395,411,509,177,190,289,266,897,586
113,3,984,615,602,519,968,216,489,524,92,803,368,954,766,449,844,310,613,955,46,919
114,0,236,725,657,525,855,132,140,494,757,83,674,30,658,181,854,3,287,747,534,229
115,3,587,11,887,733,488,468,875,243,960,762,22,606,878,421,853,356,192,935,649,621
116,1,924,981,692,685,848,33,619,357,747,321,341,315,278,578,597,983,55,949,91,98
117,0,772,525,13,656,203,838,767,301,739,245,417,704,132,966,106,23,906,394,481,855
118,1,648,749,198,34,428,278,202,41,609,42,361,105,560,671,451,820,540,564,304,176
119,1,121,860,241,585,950,747,344,600,475,283,224,10,214,459,246,955,95,858,863,144
120,1,931,222,630,154,595,848,701,291,839,923,417,637,453,536,300,765,317,933,559,929
121,0,523,168,802,904,373,753,528,164,252,267,558,216,189,371,433,787,946,166,366,786
122,1,679,471,933,441,703,7,139,824,110,630,423,333,290,544,688,67,712,476,511,124
123,0,11,80,198,486,122,474,921,7,629,121,60,265,230,824,791,664,330,378,240,781
124,1,102,827,112,641,218,702,490,663,672,476,128,988,248,651,824,456,588,198,444,926
125,0,252,203,89,366,109,202,220,164,323,641,583,91,768,943,799,243,183,926,937,770
126,0,427,125,599,717,723,620,250,478,520,751,252,481,192,511,354,757,453,70,548,918
127,1,749,389,420,17,466,419,297,604,126,79,318,717,924,215,285,292,945,880,120,831
128,1,80,451,395,872,816,935,343,234,141,292,246,317,503,147,952,701,37,324,652,513
129,0,625,793,643,725,180,161,766,140,363,571,945,581,633,5,933,474,82,450,11,898
130,0,414,718,740,662,928,703,322,183,282,204,221,858,876,980,912,711,136,966,143,482
131,3,879,930,911,959,423,567,427,634,831,199,110,651,71,432,633,898,319,635,840,277
132,1,243,602,961,739,427,14,270,915,846,65,361,77,588,117,431,421,584,908,827,914
133,1,473,794,497,905,360,127,131,273,265,699,252,101,631,958,137,167,762,614,663,427
134,1,281,355,108,513,6,889,54,825,961,544,537,903,795,399,509,437,571,679,229,153
135,0,834,905,32,973,725,334,231,274,767,732,299,462,552,384,627,797,425,841,168,629
136,1,478,773,973,572,498,260,579,525,14,533,174,327,697,806,474,634,687,545,331,268
137,1,684,649,762,573,296,408,218,508,816,888,665,380,404,500,658,15,949,518,205,754
138,1,552,984,492,331,676,725,365,322,384,702,325,707,745,954,400,781,569,489,413,614
139,0,236,698,583,334,357,135,607,897,189,818,327,142,320,344,122,328,310,488,615,759
140,5,413,567,393,511,905,367,181,406,948,227,538,358,104,590,348,664,699,69,303,596
141,1,230,368,831,999,731,587,504,106,475,59,449,695,115,91,125,5,118,200,933,715
142,1,829,325,335,765,7,285,112,218,782,485,940,834,947,984,410,126,812,387,45,489
143,0,729,522,772,574,423,285,894,448,231,677,11,851,464,743,996,965,152,267,149,123
144,1,422,182,334,987,604,291,370,550,646,544,327,705,15,871,25,722,203,657,916,591
145,1,336,146,277,240,674,369,29,603,945,253,585,891,401,421,573,499,927,378,80,762
146,0,266,536,335,701,637,232,438,865,270,542,566,781,898,647,891,205,81,958,364,502
147,0,639,351,88,994,169,969,842,558,823,164,10,594,917,156,828,632,246,688,901,572
148,1,313,757,182,213,680,610,378,112,584,306,925,415,408,105,764,231,539,494,599,665
149,1,336,125,81,448,540,903,387,745,916,954,683,909,568,314,474,662,732,256,431,397
150,1,696,273,662,380,36,986,739,312,27,119,615,144,489,970,28,21,936,563,235,266
151,0,234,337,389,878,24,14,661,494,190,674,468,653,191,464,420,723,604,440,949,983
152,3,757,858,527,60,272,785,770,841,892,719,707,612,90,265,817,675,604,399,592,240
153,1,795,413,821,894,906,341,458,940,71,186,776,145,672,130,589,478,108,543,476,27
154,1,33,504,618,425,369,993,183,540,986,930,384,223,704,497,487,818,272,88,83,543
155,1,712,426,205,219,928,680,64,669,99,512,782,93,95,431,801,254,307,484,220,582
156,0,550,886,144,416,584,457,263,555,499,602,646,772,418,852,455,375,292,147,136,692
157,1,442,128,147,288,411,110,986,294,548,88,194,887,161,127,657,215,786,76,338,695
158,1,430,887,18,624,278,3,831,384,817,288,877,660,166,649,141,947,432,835,875,912
159,1,669,726,795,436,257,776,839,556,424,919,454,802,940,648,224,148,450,622,630,817
160,0,163,196,297,926,155,867,448,855,784,280,277,774,553,964,559,625,209,803,255,581
161,1,457,829,675,32,591,163,949,144,50,739,438,820,853,467,399,563,787,257,936,207
162,1,392,225,848,640,519,114,870,33,382,101,808,123,92,361,871,303,367,511,644,88
163,3,863,524,225,838,165,797,904,589,665,565,731,786,346,578,234,265,684,841,29,794
164,1,593,256,496,325,655,719,647,546,983,271,628,32,866,917,449,998,304,553,635,265
165,1,890,373,52,171,992,39,811,162,828,922,595,779,140,755,142,672,211,63,725,782
166,3,688,355,755,873,799,245,772,943,552,325,101,202,361,52,131,394,586,825,620,102
167,0,409,616,932,524,114,773,13,478,997,22,521,847,16,898,771,721,692,476,942,105
168,1,659,11,135,925,553,155,158,245,266,261,758,466,251,853,755,675,60,819,607,516
169,1,714,755,928,518,747,526,138,413,443,151,64,126,291,452,837,703,823,127,927,575
170,1,982,231,990,611,135,236,488,659,589,779,535,820,428,995,33,914,647,89,895,101
171,0,300,978,252,769,75,244,431,403,142,627,529,104,361,590,860,888,468,352,717,814
172,0,236,353,619,120,589,418,357,306,754,176,831,777,0,572,818,861,994,680,915,249
173,1,950,298,99,423,756,891,894,921,629,91,389,430,361,215,290,242,151,685,100,704
174,0,425,584,647,806,231,344,732,154,266,924,352,559,232,376,284,472,749,594,528,861
175,4,364,108,740,207,728,477,308,804,588,595,677,696,476,597,868,676,325,7,685,60
176,0,835,334,29,471,284,618,529,6,291,270,324,621,99,972,507,213,397,196,355,14
177,1,344,575,589,552,918,130,458,72,727,116,748,39,127,699,320,724,254,70,932,267
178,1,926,978,840,861,67,564,18,0,463,312,235,330,529,584,502,415,725,40,884,378
179,4,504,429,625,34,477,587,781,910,852,56,19,616,683,757,20,99,553,386,446,259
180,4,255,962,275,360,108,783,31,968,125,165,550,531,284,875,34,499,22,623,652,272
181,1,979,604,380,109,597,909,860,643,363,858,489,917,120,713,479,36,516,799,678,3
182,0,413,195,571,527,391,838,803,309,804,91,150,828,691,896,177,14,241,533,448,87
183,1,131,640,414,709,412,124,540,798,9,694,359,28,84,311,550,684,919,230,989,170
184,0,713,964,865,616,556,265,788,820,542,221,783,298,663,159,866,596,921,464,742,1
185,1,879,768,718,202,653,973,137,397,275,48,501,777,158,990,706,97,404,896,755,618
186,1,438,399,19,206,602,524,586,581,659,451,826,654,976,378,615,463,645,51,42,511
187,0,213,156,863,582,551,879,229,671,930,840,250,6,345,521,421,817,716,251,204,392
188,0,852,890,450,693,652,684,189,444,935,274,493,881,348,477,650,504,447,481,502,838
189,0,449,548,900,867,792,132,33,720,573,371,82,773,121,958,506,658,913,943,569,251
190,1,69,483,205,961,86,991,964,254,455,642,93,125,779,827,846,94,962,5,776,83
191,0,967,516,727,610,322,261,925,566,604,815,155,848,767,723,25,236,276,325,783,785
192,3,368,200,329,301,342,737,703,795,825,394,157,681,458,152,641,870,810,4,127,672
193,3,947,280,15,820,851,898,67,314,782,23,465,487,961,759,478,599,359,750,312,760
194,5,458,333,137,328,111,808,19,105,212,362,579,871,787,667,726,874,315,373,783,188
195,0,18,784,171,367,438,829,448,820,374,249,1,314,469,946,671,245,73,550,591,503
196,1,236,970,964,433,56,765,163,456,61,359,674,672,230,37,871,250,929,880,0,235
197,0,280,671,955,270,791,260,756,871,481,616,397,111,114,418,309,162,592,12,132,653
198,0,127,635,13,130,248,630,261,17,611,682,97,254,913,78,955,124,725,776,653,744
199,4,401,19,832,754,628,160,701,427,647,677,744,533,249,135,657,812,916,210,389,346
200,1,715,996,456,765,458,983,4,357,12,713,204,131,190,806,374,119,771,906,379,320
201,0,700,646,20,510,119,27,530,932,310,504,725,542,960,929,786,74,505,433,3,260
202,1,72,97,766,948,517,752,930,647,765,550,968,13,613,396,304,460,665,168,670,533
203,1,336,707,610,48,462,444,147,5,835,327,992,1,202,846,125,490,653,226,949,686
204,0,869,463,682,604,215,220,206,631,842,950,856,561,991,972,298,783,775,653,747,925
205,0,797,739,277,153,879,55,95,595,394,847,307,334,711,861,279,981,887,540,702,511
206,1,96,929,435,219,6,497,660,383,956,619,274,722,899,924,289,282,705,757,668,43
207,0,362,180,215,301,815,27,522,998,520,60,548,410,951,883,639,118,610,275,607,716
208,0,453,932,348,713,910,148,658,857,768,320,921,296,791,995,54,707,588,492,873,872
209,3,867,160,93,515,475,608,700,136,372,884,975,368,822,691,387,382,191,897,284,736
210,0,900,556,445,853,105,602,520,161,52,693,386,728,542,847,367,414,649,677,965,235
211,0,541,814,369,442,976,600,268,287,70,575,736,349,299,763,214,693,991,630,639,533
212,1,227,110,408,355,573,488,602,604,997,658,950,989,70,187,133,616,237,558,343,403
213,1,95,978,563,712,72,970,503,695,742,530,644,45,653,495,237,99,963,113,928,849
214,1,180,655,71,138,304,951,517,336,895,580,319,478,141,188,284,394,472,160,348,868
215,1,49,257,99,731,299,175,407,487,21,205,826,76,350,443,137,708,971,300,953,197
216,1,877,900,114,939,902,377,110,233,440,727,945,353,481,358,239,66,732,318,968,195
217,4,644,339,506,659,372,967,754,589,625,18,271,439,642,538,680,48,458,648,456,864
218,5,838,450,909,328,240,363,311,417,4,473,552,260,67,172,627,470,615,461,776,945
219,1,649,960,192,993,320,110,591,882,806,914,733,458,501,383,82,924,946,188,639,619
220,1,616,556,777,592,249,48,19,967,641,131,845,846,161,782,284,353,415,764,230,121
221,1,317,256,918,196,650,164,31,953,811,809,661,739,332,283,635,642,838,990,282,813
222,1,235,872,533,236,763,279,464,647,546,665,396,648,232,380,47,768,652,795,90,409
223,0,527,47,65,754,156,559,499,500,228,915,624,209,922,823,69,969,117,405,52,282
224,0,823,894,310,296,122,573,829,326,360,334,985,538,130,946,470,540,12,899,275,546
225,4,140,660,81,920,529,597,773,418,121,23,21,916,98,954,400,700,995,965,383,652
226,1,251,842,538,776,12,464,995,381,894,600,998,253,747,740,513,528,677,202,754,312
227,0,223,160,55,38,16,628,53,185,690,17,895,615,506,562,685,659,475,445,634,197
228,0,383,519,19,994,822,148,905,618,637,472,478,845,56,379,735,229,21,74,313,609
229,0,46,805,848,671,551,514,633,274,193,941,202,93,270,362,668,510,45,807,967,17
230,3,929,508,630,419,175,687,625,765,898,273,915,586,506,140,962,772,882,150,187,197
231,1,379,761,860,360,408,974,612,118,637,370,946,801,872,776,751,97,460,838,605,52
232,1,561,392,234,86,138,257,431,114,142,902,426,780,874,199,966,159,533,673,785,73
233,1,971,91,584,0,226,492,242,820,762,265,565,425,814,300,349,356,727,796,311,493
234,1,416,202,568,714,672,956,843,475,59,849,751,155,327,537,409,860,42,345,402,229
235,1,262,404,606,694,975,392,718,469,954,567,738,35,891,122,371,833,857,819,21,862
236,0,240,104,78,692,467,62,550,591,608,577,274,726,835,265,22,826,290,473,221,362
237,1,704,22,553,836,857,733,314,442,477,653,654,682,295,253,754,60,393,888,679,625
238,5,208,751,456,910,809,397,878,513,363,465,810,835,487,364,491,794,312,644,4,428
239,1,486,456,979,245,331,301,161,931,727,151,498,619,215,384,967,962,739,946,274,850
240,0,7,217,383,308,795,22,346,349,365,806,343,621,304,628,230,35,585,477,470,76
241,0,440,202,843,857,406,909,29,99,345,242,233,640,55,158,871,612,805,769,33,616
242,1,332,89,286,101,157,271,433,881,23,186,220,516,528,739,517,172,373,967,890,884
243,1,109,991,694,914,810,512,508,727,384,428,521,616,526,22,439,660,36,974,93,135
244,0,389,25,252,597,208,195,942,367,123,553,724,226,652,323,235,684,528,225,682,82
245,1,293,221,822,462,831,867,113,518,209,558,126,796,604,189,783,81,532,242,637,717
246,1,463,313,180,419,791,677,229,552,385,97,373,657,443,334,340,25,70,354,673,998
247,1,586,700,512,946,348,478,288,355,42,224,575,682,83,308,28,161,219,181,241,702
248,1,488,767,104,249,766,148,23,957,865,746,850,56,583,251,237,719,701,64,238,980
249,1,109,812,714,786,324,287,946,558,742,693,526,839,415,232,188,451,596,410,128,454
250,1,178,59,174,872,849,209,344,410,245,648,192,815,787,377,111,913,504,664,487,761
251,1,587,284,193,134,732,719,364,25,87,85,985,601,869,369,550,481,783,333,197,954
252,1,128,667,375,521,741,367,489,602,351,896,925,248,918,67,768,577,891,456,805,967
253,0,877,227,758,296,60,499,139,144,885,195,248,158,945,745,787,838,171,532,919,512
254,1,260,990,703,580,340,678,281,160,994,946,965,405,732,969,915,760,503,814,540,740
255,0,739,355,947,684,757,341,741,736,961,891,219,168,733,300,758,325,390,748,467,905
256,3,904,535,647,984,245,99,917,890,368,911,561,604,841,809,760,640,455,717,507,251
257,0,456,65,514,604,883,606,188,512,619,944,361,299,96,127,449,835,972,110,740,927
258,1,738,787,273,568,860,311,412,410,876,109,115,133,350,479,331,533,962,50,365,463
259,1,737,887,709,475,642,47,98,10,847,940,774,30,807,108,545,927,900,869,572,783
260,1,856,901,174,865,670,503,636,803,297,335,88,259,709,981,333,640,509,942,310,422
261,0,646,75,27,229,276,249,909,121,896,753,487,566,715,639,28,847,208,57,680,271
262,1,871,109,122,721,319,260,679,210,760,194,2,690,565,628,599,371,119,413,268,894
263,1,715,584,113,504,274,716,729,399,807,565,303,55,740,358,410,643,804,988,582,392
264,1,716,591,509,567,971,931,309,62,788,323,281,315,249,1,244,659,636,556,746,157
265,1,35,547,880,21,478,180,546,953,159,810,910,357,365,138,956,536,545,144,535,66
266,1,909,117,340,770,652,9,168,83,552,241,397,574,131,546,322,506,57,567,491,747
267,1,964,955,777,572,686,811,189,392,148,240,244,426,457,497,388,753,906,128,350,772
268,1,892,745,679,827,465,967,87,809,367,136,858,768,604,93,908,878,78,981,673,303
269,1,750,473,665,778,152,445,370,886,75,32,479,42,673,343,997,764,940,784,785,367
270,3,535,757,83,92,146,563,475,779,621,249,103,458,997,835,461,643,522,420,61,774
271,1,57,735,979,444,577,321,927,915,219,486,677,180,961,6,908,549,862,109,509,965
272,0,125,476,522,134,197,557,782,505,796,161,748,388,2,144,810,7,356,961,500,638
273,0,814,857,388,400,556,908,565,284,300,705,885,205,720,9,586,139,508,333,917,45
274,1,613,777,366,218,352,456,69,960,243,279,476,593,280,687,363,898,610,497,57,669
275,1,976,960,179,423,468,694,957,802,508,316,176,154,939,254,349,165,464,607,512,542
276,0,991,118,2,594,642,433,880,916,36,639,233,634,209,65,228,844,273,230,380,895
277,1,402,651,241,74,745,609,73,315,744,468,921,384,304,791,32,575,131,626,528,240
278,0,900,845,474,708,60,807,954,448,862,376,478,20,142,65,691,457,437,812,883,134
279,1,806,606,711,811,334,121,101,404,194,25,463,630,589,933,922,837,426,452,351,60
280,0,502,52,872,107,551,848,965,119,649,354,599,527,807,651,952,578,996,845,493,824
281,0,366,148,346,741,422,185,174,634,534,338,660,167,206,400,173,114,850,928,75,92
282,0,618,932,159,475,136,798,638,399,909,739,344,728,331,675,742,984,767,834,13,717
283,0,135,103,72,164,1,854,575,715,384,162,825,783,293,913,206,88,800,399,918,713
284,1,633,781,829,930,249,338,373,959,570,300,832,922,8,719,927,869,676,4,569,326
285,1,632,582,139,978,279,799,21,319,988,630,269,403,161,553,519,585,738,362,727,802
286,1,181,612,306,755,147,202,559,49,608,710,40,435,320,468,609,719,507,877,10,201
287,1,92,421,592,659,947,888,119,793,975,344,949,245,299,631,785,147,36,349,135,321
288,0,846,156,102,413,172,195,835,409,874,205,422,40,348,828,864,447,362,800,44,170
289,0,581,421,473,925,522,667,634,281,172,298,857,690,135,605,783,300,821,123,79,340
290,1,963,323,863,657,300,248,984,28,739,75,900,315,705,492,769,423,15,229,225,979
291,1,94,500,870,447,199,998,512,801,579,383,767,863,780,265,416,68,402,894,918,185
292,0,861,795,308,521,563,150,726,708,738,959,357,117,188,938,904,632,810,767,549,605
293,0,330,808,433,65,81,853,176,525,261,349,897,888,781,260,572,764,745,674,196,722
294,3,995,719,209,948,234,226,368,384,274,730,627,127,291,383,508,921,718,970,576,560
295,1,786,192,641,523,503,24,121,678,958,426,608,22,669,485,990,815,97,497,122,571
296,0,866,549,394,252,982,425,13,340,365,158,246,784,874,688,150,442,346,682,822,906
297,0,439,564,548,489,608,973,475,416,804,113,203,215,221,378,236,12,395,89,866,893
298,1,64,181,735,831,307,597,518,356,74,901,684,679,150,113,436,686,521,547,58,855
299,1,564,367,153,467,160,571,628,39,751,632,892,547,243,658,918,117,670,229,698,757
300,1,557,795,995,137,952,495,561,998,802,735,244,291,512,364,270,758,864,287,338,943
301,1,99,347,902,754,150,813,369,338,384,147,576,625,748,768,12,862,825,837,996,137
302,0,708,823,51,129,380,547,226,527,675,860,640,292,240,306,438,218,282,578,810,219
303,1,825,364,152,969,146,125,346,589,502,874,525,634,209,405,505,956,131,516,369,309
304,1,398,336,598,909,817,172,749,27,143,450,828,452,965,976,978,928,747,673,92,617
305,3,465,13,772,668,373,154,551,455,583,947,676,577,896,744,850,646,495,119,673,961
306,0,471,745,46,980,324,707,551,961,731,141,817,381,399,354,211,289,11,661,898,924
307,1,232,179,445,341,561,103,914,97,666,717,98,730,9,585,846,923,425,595,701,883
308,1,20,976,124,554,766,144,851,594,595,204,657,697,174,631,384,86,670,721,493,359
309,1,149,615,125,788,571,213,743,437,868,460,738,95,870,422,398,280,665,375,794,282
310,0,761,911,167,399,563,429,323,775,929,274,813,303,520,697,948,468,582,868,235,657
311,1,162,692,954,296,204,633,524,758,884,870,577,586,800,151,309,26,709,370,694,855
312,0,515,599,318,808,6,776,768,694,607,530,206,398,39,311,631,567,687,863,834,210
313,0,807,141,635,61,491,594,852,688,609,967,981,629,85,859,541,479,540,812,214,363
314,1,911,749,574,55,344,135,941,926,819,839,52,943,357,675,644,308,368,703,970,596
315,0,856,732,872,504,928,986,885,75,305,796,708,810,996,71,817,149,314,56,361,610
316,1,793,457,541,174,311,792,640,890,621,858,177,153,669,846,110,908,528,838,612,767
317,0,723,840,205,443,951,954,69,38,464,150,306,100,39,838,176,944,508,144,425,231
318,1,155,578,559,679,153,691,833,290,310,715,62,845,66,953,127,898,969,111,758,659
319,0,330,98,704,634,386,311,719,77,679,50,768,753,603,219,998,31,263,544,609,417
320,1,970,813,209,493,58,7,994,698,408,252,83,459,919,715,18,861,229,962,6,278
321,1,582,693,503,452,312,376,751,269,548,918,578,30,141,932,550,668,60,468,676,310
322,1,613,549,802,892,28,500,262,213,598,203,209,608,506,183,263,371,561,865,628,21
323,5,940,276,320,529,654,853,119,638,441,109,397,532,23,495,74,358,104,220,821,434
324,1,332,954,677,351,821,471,439,687,600,721,590,690,558,515,655,867,486,905,574,880
325,4,347,90,74,127,765,777,634,194,80,214,972,92,209,146,508,926,116,909,706,289
326,1,281,36,338,387,584,260,287,349,793,921,492,365,54,968,888,427,49,135,72,680
327,0,566,798,70,58,525,340,381,835,456,32,94,216,548,401,438,754,423,518,645,120
328,1,562,756,892,684,541,467,5,96,630,407,991,120,419,148,422,431,649,663,39,546
329,3,107,762,838,808,782,198,626,912,389,562,21,649,969,997,373,208,266,597,78,508
330,5,336,770,403,609,758,779,214,178,429,248,91,915,121,635,394,865,225,542,133,536
331,0,750,36,621,181,15,170,739,211,1,339,234,926,730,908,691,949,457,824,555,877
332,0,410,538,994,340,858,843,382,197,971,275,889,707,157,721,733,126,887,954,732,835
333,0,99,43,617,345,216,124,370,650,169,106,15,873,305,545,697,913,424,123,282,108
334,0,27,967,503,2,645,973,955,597,793,251,221,156,433,678,840,62,945,664,839,286
335,0,377,444,0,198,620,670,625,707,970,719,104,584,702,752,887,331,180,415,129,848
336,0,71,923,997,795,414,118,686,113,600,418,729,685,360,814,899,103,873,825,310,271
337,1,757,15,524,887,769,898,8,270,401,476,951,938,340,716,247,915,895,379,985,845
338,0,419,545,413,103,324,56,470,232,994,281,578,941,640,10,717,570,436,923,128,195
339,1,606,687,242,977,590,47,238,736,255,354,948,530,964,307,359,842,665,741,522,140
340,1,501,662,466,180,668,183,178,522,72,81,468,207,79,31,170,818,760,695,560,225
341,1,749,191,808,748,584,771,781,862,196,105,528,551,422,775,172,949,933,837,567,424
342,0,475,147,530,121,10,751,376,249,167,388,335,334,782,701,834,375,576,995,367,853
343,1,844,477,2,697,901,940,660,914,772,785,653,426,93,31,874,206,161,175,986,705
344,0,572,784,431,201,37,456,545,620,690,385,187,626,571,356,453,884,915,844,634,944
345,0,297,772,225,210,245,496,527,82,33,609,107,550,217,883,322,967,666,686,449,483
346,1,648,742,265,984,310,281,778,309,851,99,453,515,39,122,389,905,102,964,506,616
347,3,678,27,113,943,368,908,539,185,983,299,710,71,8,384,365,136,494,773,603,462
348,1,842,944,289,591,925,91,297,439,772,937,878,323,762,705,204,381,110,263,654,334
349,3,187,55,824,867,890,359,410,710,717,522,740,632,876,87,935,755,247,666,341,34
350,1,246,508,562,934,315,718,173,551,872,22,400,899,54,105,582,837,160,311,714,39
351,1,188,135,752,945,231,768,706,597,1,142,726,613,546,554,89,965,381,918,168,396
352,0,582,332,426,340,319,769,468,223,19,971,166,252,695,270,471,491,684,704,148,727
353,1,324,122,335,986,497,131,504,308,887,661,955,489,32,806,23,150,437,768,10,385
354,0,168,861,123,188,956,363,668,297,712,940,730,452,403,765,607,461,223,413,983,931
355,1,693,801,426,71,214,724,219,928,837,370,821,907,351,931,103,731,14,436,726,862
356,1,880,960,302,86,703,759,657,378,951,135,366,344,256,671,925,16,534,153,313,175
357,1,319,329,748,563,985,13,448,41,223,385,638,255,139,364,67,408,642,8,653,370
358,1,538,206,439,994,661,32,895,625,107,862,435,952,848,41,546,356,97,11,190,296
359,1,68,507,791,268,267,855,422,154,178,57,890,489,298,266,557,644,150,306,122,259
360,1,811,953,851,774,489,412,618,816,886,316,668,906,109,346,759,579,315,472,716,19
361,0,405,411,332,953,647,637,505,399,882,566,408,265,350,756,342,712,980,321,725,986
362,0,204,459,510,929,278,980,431,585,443,381,727,663,486,385,92,220,415,154,40,689
363,5,149,136,836,898,371,225,376,254,323,619,274,154,107,783,464,969,152,416,778,490
364,0,32,310,711,926,171,544,942,697,133,776,66,648,348,777,357,636,124,726,924,305
365,1,178,881,40,643,250,24,462,542,664,234,560,369,423,585,75,29,61,98,475,642
366,0,38,747,934,302,146,33,9,118,857,944,616,4,843,287,441,508,525,205,878,94
367,1,482,481,371,707,808,63,703,857,209,342,941,816,72,454,110,814,726,266,577,265
368,1,731,835,437,586,244,352,320,844,638,778,23,93,456,501,467,509,992,675,894,934
369,3,718,502,872,654,962,832,830,180,443,604,114,908,621,446,104,946,966,478,341,52
370,1,517,950,106,192,597,601,56,907,870,919,591,281,397,389,596,341,989,272,282,947
371,0,480,540,834,525,579,865,708,515,642,921,483,345,754,339,308,117,451,135,722,994
372,0,115,884,765,958,404,76,844,506,368,299,967,275,966,860,587,43,149,292,144,664
373,1,521,647,76,840,272,552,33,391,575,675,567,591,431,592,702,151,404,844,677,179
374,0,724,447,398,491,347,492,460,122,657,873,594,236,189,362,154,52,359,943,998,107
375,1,60,393,507,719,179,821,526,20,244,495,521,252,263,729,804,547,111,197,228,649
376,1,935,731,515,645,893,190,690,965,282,695,708,631,527,845,123,838,333,581,292,312
377,1,838,289,574,183,636,257,357,553,202,931,405,56,528,230,428,946,364,207,497,789
378,1,447,921,42,360,723,288,494,922,800,682,119,771,297,438,406,789,266,317,187,380
379,1,843,30,542,549,885,620,827,732,424,820,523,243,854,566,259,915,626,341,504,206
380,2,124,207,967,21,220,309,414,254,617,747,336,723,846,335,377,641,122,766,674,934
381,1,390,437,814,890,67,784,3,885,665,649,383,211,129,360,215,929,233,588,251,461
382,1,970,115,9,259,851,399,375,794,898,154,178,971,624,784,511,536,354,164,989,358
383,1,12,550,508,864,130,905,64,853,604,661,116,262,760,861,346,55,788,54,735,235
384,1,286,606,625,312,507,528,614,801,884,229,629,87,8,297,974,0,941,128,901,501
385,1,381,363,796,480,756,809,776,121,622,31,267,468,668,910,740,228,700,389,36,861
386,1,520,871,428,774,238,991,797,397,236,854,628,277,418,602,416,971,38,807,625,446
387,1,568,555,160,783,959,429,415,516,819,208,176,343,478,604,44,447,357,402,97,423
388,1,496,445,3,691,683,220,153,575,45,326,217,73,535,295,233,75,748,584,982,280
389,1,684,244,167,788,307,143,147,943,951,817,577,460,269,308,353,661,696,445,636,72
390,1,309,78,11,190,609,967,467,413,548,923,994,926,971,67,318,791,516,961,404,626
391,1,579,321,927,749,650,226,685,901,806,442,743,620,118,519,567,692,68,18,550,711
392,0,597,752,553,239,287,33,743,657,409,109,455,559,761,771,946,205,665,568,832,334
393,1,320,765,5,203,509,508,246,834,684,874,981,416,691,418,183,814,254,602,742,654
394,1,123,387,225,318,657,947,467,414,384,819,664,671,368,799,94,433,57,908,534,322
395,1,433,321,672,994,493,222,167,268,50,984,109,423,498,905,220,724,810,921,903,773
396,3,709,99,596,650,726,200,367,845,383,731,639,665,971,932,865,945,615,456,634,574
397,0,461,888,890,156,89,446,961,356,668,51,409,178,373,315,3,104,145,478,259,330
398,1,772,219,550,241,614,566,949,403,323,719,790,246,569,578,641,930,460,833,977,206
399,0,433,839,173,305,823,855,727,751,421,998,498,996,357,93,534,755,773,600,762,828
400,1,252,313,758,634,769,619,880,554,347,920,589,686,538,770,289,61,725,882,22,519
401,2,500,956,223,418,277,905,777,770,621,542,609,709,897,246,357,661,275,768,366,612
402,0,520,571,654,206,541,408,568,441,884,412,639,687,117,631,534,433,33,996,45,849
403,3,353,303,316,546,799,823,789,522,585,702,226,44,716,110,548,134,570,198,481,923
404,1,89,951,980,63,650,743,556,962,955,598,184,485,448,49,745,375,982,553,901,859
405,3,282,124,138,865,94,762,414,235,974,643,934,183,812,781,944,433,74,45,283,398
406,0,45,195,332,338,278,717,578,983,630,778,612,731,245,653,734,150,836,164,462,701
407,3,426,179,340,335,150,683,923,451,326,991,50,22,626,807,858,193,584,993,687,132
408,1,96,484,367,18,626,802,464,916,157,294,725,997,222,928,258,770,841,744,386,794
409,0,251,823,308,808,776,86,372,666,180,775,519,641,75,521,418,692,700,144,358,117
410,1,588,414,154,847,982,549,417,388,770,32,20,892,906,120,162,610,861,772,275,44
411,1,237,934,701,967,770,101,96,979,559,262,486,447,772,913,332,787,568,92,450,990
412,4,713,106,949,483,141,888,307,987,777,611,582,694,413,967,235,105,361,189,791,252
413,1,620,170,847,962,702,714,485,667,128,3,979,908,809,269,631,135,307,918,300,725
414,1,138,603,771,23,635,457,617,56,570,203,403,330,228,953,835,867,276,314,339,538
415,0,70,757,388,578,610,140,174,593,86,588,875,381,939,911,59,384,36,638,654,85
416,4,827,826,847,488,663,26,844,408,115,659,755,94,558,560,313,584,863,352,947,43
417,5,392,422,143,633,652,903,426,658,18,175,708,320,70,972,338,745,64,771,530,892
418,0,37,764,636,712,275,174,444,856,561,357,266,962,41,827,901,656,63,918,531,726
419,5,413,475,363,371,158,316,558,495,379,658,958,357,494,21,887,301,599,936,543,697
420,1,153,801,802,626,637,773,264,51,386,704,155,311,676,959,344,556,242,135,423,411
421,0,35,445,229,44,563,874,795,825,670,760,588,976,441,403,166,279,104,368,27,98
422,1,597,200,948,643,396,236,860,490,940,662,809,867,689,299,672,327,156,452,43,751
423,0,294,960,343,977,653,794,366,22,984,876,664,109,916,44,648,822,994,337,771,652
424,1,356,600,923,103,804,24,87,158,222,311,429,177,503,223,77,12,83,719,358,185
425,1,234,494,106,172,719,597,40,128,462,583,894,412,224,92,534,876,686,367,572,400
426,1,497,375,960,92,277,513,10,86,367,885,540,656,109,373,278,938,402,101,621,383
427,0,381,889,96,768,809,848,755,814,544,239,465,399,90,15,406,508,896,584,251,564
428,0,186,681,296,859,888,284,515,332,528,535,226,793,583,65,810,564,980,946,267,349
429,1,328,635,500,105,785,482,393,34,868,398,542,905,599,931,452,196,409,67,181,5
430,0,838,167,398,548,362,641,209,669,370,899,296,199,368,730,628,60,900,175,150,795
431,1,150,41,578,225,621,271,301,339,488,941,961,940,767,489,790,907,518,15,453,841
432,1,566,437,466,68,888,356,947,901,88,373,75,228,524,724,799,562,240,148,424,871
433,1,439,583,304,573,409,265,400,315,538,777,584,349,561,350,504,779,287,909,165,940
434,4,961,472,380,995,625,473,613,938,299,149,827,85,385,138,323,984,858,750,360,765
435,2,494,480,641,392,566,896,436,966,381,841,398,670,497,14,538,685,152,722,259,681
436,1,626,923,829,22,533,388,252,107,687,330,779,84,410,718,608,508,56,591,438,543
437,1,478,946,385,137,548,432,602,407,546,796,417,370,384,855,833,156,387,366,248,23
438,1,140,254,53,903,149,770,488,279,889,403,97,79,792,944,811,65,30,519,529,641
439,0,445,703,971,408,76,31,638,319,521,573,810,470,151,259,413,627,84,142,850,159
440,3,844,847,717,890,429,871,134,490,407,144,393,74,269,814,637,535,946,89,670,453
441,0,228,203,61,990,94,464,63,530,715,344,775,139,721,499,160,537,765,815,443,613
442,1,838,544,754,245,537,24,499,980,138,369,168,291,261,801,636,505,352,446,356,219
443,0,903,324,168,51,336,76,788,527,259,334,42,909,429,138,607,420,279,363,144,351
444,1,764,545,607,573,270,956,547,757,810,205,813,427,307,174,223,285,11,771,26,160
445,1,746,655,114,554,628,986,552,645,635,326,995,458,825,927,218,80,419,969,676,32
446,1,934,192,943,255,486,801,219,569,218,822,799,332,868,689,913,603,442,897,281,5
447,1,983,563,474,215,812,547,7,366,397,548,560,290,132,611,781,708,791,355,841,28
448,4,662,43,598,920,363,607,691,947,418,483,282,287,988,189,482,760,122,660,954,44
449,1,253,274,214,654,796,368,639,284,110,814,550,182,570,922,770,529,491,296,780,252
450,0,139,239,782,492,288,499,875,22,705,516,880,190,665,348,574,2,457,798,756,18
451,0,330,875,274,700,171,981,430,420,417,689,432,629,378,25,576,868,159,359,3,298
452,1,209,42,755,652,627,558,543,909,777,299,933,439,293,971,203,740,905,721,781,662
453,0,691,59,347,286,800,437,194,227,448,768,977,649,984,925,683,486,505,367,754,794
454,0,216,963,730,514,952,321,591,857,561,896,355,149,344,668,450,991,716,83,479,191
455,0,246,884,547,493,773,199,319,164,24,855,826,85,719,17,937,708,848,904,545,372
456,0,91,305,463,268,882,238,781,729,384,747,589,32,615,403,245,363,858,75,772,377
457,1,458,497,139,65,31,862,242,276,842,301,194,249,799,625,616,607,228,218,982,817
458,0,930,579,736,70,117,724,663,310,547,621,161,525,967,760,704,82,13,113,340,888
459,1,373,301,160,409,381,543,911,567,823,402,467,340,313,249,802,161,996,285,582,885
460,3,354,481,567,773,580,106,728,438,437,484,360,390,55,853,318,870,227,490,247,428
461,1,877,110,664,639,653,813,709,956,751,678,700,636,538,757,802,472,535,752,753,983
462,1,916,992,338,948,375,641,308,566,586,99,890,768,625,648,164,250,27,727,841,954
463,0,746,203,296,349,873,410,493,831,978,527,397,323,187,744,224,250,52,694,687,78
464,1,198,59,546,552,595,376,357,160,371,543,772,976,732,763,488,302,125,182,32,180
465,1,633,61,204,838,298,956,720,62,878,126,483,764,740,810,311,820,48,550,287,153
466,4,604,664,843,379,792,272,659,826,752,480,102,596,118,191,262,627,681,616,419,585
467,1,353,485,703,291,924,210,11,367,840,134,784,218,167,980,647,252,341,196,33,403
468,1,722,303,286,866,829,599,457,132,898,161,765,797,600,87,529,183,276,728,222,492
469,1,287,521,368,659,9,425,663,789,609,313,707,768,602,851,845,755,320,774,447,798
470,1,339,934,860,716,541,712,105,274,156,502,651,962,5,812,331,788,232,425,208,445
471,1,255,414,125,569,790,946,781,278,126,334,610,18,152,800,849,427,810,55,826,986
472,1,396,238,801,727,559,592,222,805,822,535,48,538,888,734,0,384,773,317,540,874
473,1,438,674,246,121,627,940,474,77,915,725,567,381,906,603,711,818,875,141,798,926
474,1,900,285,643,151,13,660,241,467,264,122,433,522,343,948,536,352,615,430,231,724
475,1,918,143,777,540,726,502,767,703,799,912,790,95,543,88,183,622,253,443,920,649
476,1,379,24,938,59,376,357,453,386,470,805,552,290,815,883,459,689,30,902,138,727
477,1,876,306,160,142,590,246,585,274,12,492,607,794,563,895,415,329,429,784,739,205
478,1,268,716,73,3,707,742,807,873,783,18,805,365,137,173,915,840,290,686,770,648
479,0,906,286,216,371,998,809,991,957,625,168,702,342,816,416,109,336,581,576,534,369
480,1,618,536,715,511,451,933,520,469,291,429,98,860,230,320,396,798,762,919,661,961
481,0,618,58,70,127,266,619,853,1,764,816,554,427,936,475,946,103,706,154,24,612
482,3,910,596,578,775,763,40,600,973,681,723,663,952,634,510,955,874,158,164,381,171
483,0,574,56,435,698,885,536,9,223,821,282,571,989,406,197,859,112,542,961,128,642
484,3,61,569,733,395,223,687,950,165,166,14,784,309,624,182,813,904,44,780,905,605
485,1,69,678,121,449,184,228,525,193,123,342,942,646,327,490,116,300,573,888,366,583
486,1,566,471,511,271,119,237,383,756,437,924,342,600,556,570,813,394,649,774,783,317
487,0,749,316,152,837,882,663,793,310,815,915,959,424,587,33,379,987,1,644,26,225
488,0,707,190,43,802,554,55,999,734,852,904,578,49,900,804,446,13,326,229,325,899
489,1,143,590,982,558,846,206,540,82,170,343,194,826,961,874,213,474,223,517,975,577
490,1,944,412,333,984,59,517,748,86,862,747,32,470,620,631,64,949,204,180,908,179
491,0,884,806,218,946,527,578,478,987,256,3,252,382,264,974,649,918,345,42,385,487
492,1,239,470,622,919,398,516,761,926,116,16,716,371,30,79,994,27,410,393,429,275
493,0,399,54,747,550,322,452,84,102,228,803,737,942,196,177,833,991,580,642,827,435
494,0,806,147,896,200,586,742,470,801,0,314,748,211,77,968,318,83,80,451,985,718
495,1,839,536,527,329,115,157,294,346,201,216,461,864,269,743,516,354,794,897,982,634
496,1,766,382,462,818,415,483,26,388,317,612,563,903,430,852,888,873,895,837,656,59
497,0,241,634,397,469,567,456,721,976,573,794,365,920,700,6,522,232,854,583,121,651
498,1,889,39,935,986,16,766,362,406,109,775,814,314,566,150,968,293,584,791,960,330
499,0,154,781,824,740,934,17,823,523,63,126,280,681,861,314,852,410,965,677,956,822
500,1,878,333,468,543,599,91,20,59,839,400,64,581,750,168,71,754,355,197,374,450
501,1,510,126,808,731,200,608,773,639,903,920,611,267,564,825,298,261,109,851,910,263
502,1,651,507,48,73,681,793,707,5,932,642,584,753,922,786,560,558,140,143,42,749
503,0,761,509,256,776,46,456,926,677,471,109,539,800,834,429,504,232,526,700,765,498
504,0,67,343,952,539,685,143,385,905,614,845,35,205,990,102,139,32,197,495,329,948
505,1,294,597,300,912,454,662,924,120,818,870,716,732,480,728,886,715,274,402,552,27
506,1,371,40,255,977,679,975,240,175,370,329,529,366,921,166,156,246,813,42,966,197
507,1,792,623,490,345,85,713,179,830,187,568,738,317,973,618,621,828,114,5,578,89
508,5,70,539,974,523,948,463,302,267,679,74,724,505,113,574,798,501,322,648,490,79
509,1,431,760,210,408,207,654,511,135,548,358,214,686,677,854,565,643,582,683,317,795
510,0,988,804,757,203,4,718,584,167,825,374,557,875,333,776,593,643,572,220,197,317
511,1,322,634,619,497,463,345,175,246,101,642,971,615,260,993,692,845,177,467,812,326
512,0,409,178,443,910,333,390,190,568,670,948,819,657,927,203,398,829,716,71,292,640
513,0,566,169,575,996,622,852,826,146,555,863,439,180,986,760,980,798,654,238,704,723
514,0,113,491,372,130,983,874,933,411,201,356,232,580,416,117,585,538,545,980,634,327
515,1,748,213,925,780,854,324,605,623,848,987,402,767,381,178,794,144,992,90,589,102
516,1,702,597,223,735,785,530,436,842,239,925,668,27,941,128,405,542,664,618,650,262
517,0,667,748,890,718,786,831,663,348,225,572,492,400,908,574,631,260,153,889,899,678
518,1,917,477,329,371,11,535,421,637,987,108,274,831,219,973,328,337,179,432,582,768
519,0,931,131,925,673,449,315,611,92,880,225,736,906,851,720,663,307,38,502,259,339
520,1,623,414,654,381,422,653,463,237,69,396,579,901,776,402,47,867,806,6,947,213
521,1,794,301,988,411,92,983,958,207,119,13,615,915,731,806,718,304,946,843,371,83
522,1,744,420,33,801,211,356,544,658,946,489,494,935,799,436,518,566,482,523,354,320
523,0,946,852,325,351,721,423,811,546,166,896,618,173,696,544,372,990,107,395,948,530
524,1,455,606,861,280,582,25,200,788,215,472,145,530,460,533,463,888,140,671,393,384
525,0,93,696,413,664,982,143,434,250,477,423,764,577,86,239,639,142,523,767,992,277
526,5,187,227,685,584,417,351,644,263,830,591,840,304,57,460,257,66,463,180,612,794
527,1,687,725,533,548,142,36,929,688,3,573,903,498,431,754,69,749,882,224,659,373
528,1,37,64,404,302,815,521,340,759,153,448,97,235,440,795,460,565,389,776,879,809
529,1,605,946,973,448,5,853,913,44,527,310,163,12,379,260,29,248,819,128,0,770
530,1,303,993,966,607,977,838,83,145,660,904,431,511,371,586,370,897,411,366,428,923
531,0,907,306,419,76,700,809,385,642,89,443,979,730,194,796,14,210,561,866,377,8
532,0,197,324,302,969,652,543,572,427,520,637,350,28,65,547,82,845,940,821,441,767
533,1,139,716,978,72,168,819,559,266,987,524,761,991,555,543,491,32,514,741,383,384
534,0,611,910,748,939,237,396,87,564,37,712,440,488,513,417,782,300,198,934,374,973
535,0,92,701,162,587,203,620,29,570,33,425,716,375,538,316,325,436,995,462,807,406
536,1,713,570,758,430,293,90,496,900,700,19,428,748,544,141,508,878,988,695,734,168
537,1,18,102,387,413,219,191,950,508,197,163,713,974,421,64,306,584,370,21,63,810
538,1,786,449,56,333,464,747,787,439,849,740,794,73,49,534,775,658,60,130,468,189
539,0,259,168,548,430,114,290,835,36,433,586,207,432,725,200,491,690,32,841,244,272
540,1,24,862,944,527,646,432,790,905,330,676,749,847,420,539,125,129,673,11,769,566
541,1,457,479,491,746,885,782,339,89,712,710,398,907,716,784,637,125,736,245,318,311
542,0,520,779,460,176,917,498,407,457,393,486,895,792,71,752,338,396,986,13,390,373
543,1,610,909,678,32,760,596,810,274,303,93,245,45,183,191,109,301,796,995,341,799
544,1,597,243,200,246,82,198,188,700,816,735,952,881,872,228,852,996,648,783,985,636
545,0,605,234,359,308,92,406,760,386,674,241,127,372,461,71,436,467,603,539,403,848
546,0,515,740,670,11,582,785,210,623,393,592,399,138,111,502,48,671,217,221,238,56
547,1,686,804,585,541,528,419,407,830,148,681,470,371,731,362,221,233,524,101,56,580
548,0,29,212,303,864,945,174,892,33,99,98,4,626,301,110,193,786,127,934,114,459
549,1,229,56,119,318,729,639,667,35,306,659,938,355,447,882,365,120,602,112,761,543
550,5,308,821,524,451,441,780,846,941,277,719,241,770,532,228,63,728,52,332,498,163
551,4,415,562,796,890,300,176,705,408,828,620,214,624,356,50,852,723,470,446,454,250
552,1,130,531,344,442,947,262,129,517,105,684,876,567,995,724,350,725,525,551,963,117
553,1,794,756,805,146,221,969,64,613,773,483,315,977,917,922,632,461,774,688,804,50
554,1,797,754,598,164,642,613,78,4,184,110,508,925,369,132,29,384,196,518,192,181
555,0,676,354,695,585,961,761,701,626,288,105,786,860,967,394,236,654,899,971,635,108
556,1,46,842,109,24,942,984,795,106,881,292,101,467,907,446,150,325,241,336,670,983
557,1,869,919,704,192,136,673,943,45,739,126,392,96,852,394,625,676,862,418,173,423
558,1,706,556,260,97,180,237,683,301,932,462,738,648,492,747,846,456,64,873,504,125
559,1,588,126,466,461,892,861,42,401,917,492,393,139,415,28,870,649,717,473,807,577
560,1,762,990,672,849,494,69,659,454,543,260,281,587,686,802,395,140,347,917,633,702
561,1,951,142,242,369,560,181,960,267,752,776,718,291,852,770,963,783,180,619,516,177
562,1,660,800,863,325,426,960,274,655,23,361,805,33,102,409,22,733,21,318,659,262
563,0,856,990,980,483,981,868,687,319,514,855,217,25,463,62,656,192,971,363,154,400
564,1,755,78,40,697,839,116,99,707,725,415,681,489,997,231,218,239,516,385,767,597
565,1,62,26,252,655,652,711,578,976,86,364,539,36,170,357,794,791,244,902,548,615
566,1,460,603,652,865,555,136,744,689,963,72,442,966,214,339,520,258,619,106,537,900
567,1,497,629,953,303,397,823,351,483,838,341,850,475,922,664,738,861,883,996,814,378
568,4,41,292,556,948,462,921,23,821,370,57,690,167,299,636,849,307,951,653,82,731
569,1,521,835,999,129,342,311,572,348,684,869,921,678,400,892,188,707,285,685,926,281
570,0,178,376,317,414,485,795,467,429,35,108,206,360,319,605,438,775,735,436,425,147
571,0,290,222,690,289,656,576,716,159,73,276,995,485,779,490,430,788,385,911,205,499
572,0,42,172,725,792,561,753,261,647,928,288,317,724,887,344,768,871,683,791,277,295
573,0,600,390,432,526,375,582,881,614,925,648,68,695,89,930,502,838,213,559,968,711
574,1,22,263,916,717,705,408,12,704,258,857,562,383,128,91,651,23,7,194,55,339
575,1,721,830,354,435,590,418,618,99,336,23,538,608,235,938,60,427,543,107,971,274
576,1,134,82,234,987,13,212,858,228,502,562,765,712,351,35,353,796,289,697,864,933
577,1,750,699,425,440,344,335,199,114,54,236,137,338,350,826,289,852,938,330,65,217
578,1,175,32,107,448,645,7,467,984,816,203,376,941,15,129,989,450,756,403,405,791
579,1,895,949,174,565,573,350,556,75,709,844,20,104,727,753,781,160,6,995,270,153
580,3,815,282,400,847,134,300,459,269,865,89,471,769,422,113,984,297,540,327,54,852
581,1,93,285,122,572,905,513,371,251,24,822,925,393,660,676,58,319,161,647,955,584
582,1,504,416,95,419,520,890,255,319,112,784,704,37,437,326,848,958,825,834,591,366
583,1,84,561,560,299,17,553,230,865,106,873,335,268,705,970,33,232,14,528,820,83
584,3,551,147,79,429,779,267,626,798,912,836,156,899,953,316,164,982,614,962,992,264
585,0,965,212,33,307,637,382,157,612,186,364,868,407,241,8,903,220,991,235,291,688
586,0,683,827,385,176,727,238,877,497,959,190,682,429,35,356,573,773,207,262,690,110
587,0,765,171,421,904,835,435,53,31,567,816,646,99,316,790,983,960,57,325,807,205
588,1,764,616,690,864,42,888,171,181,582,602,231,973,763,356,100,132,680,352,376,433
589,3,335,850,425,481,605,853,659,509,387,156,354,338,776,399,595,131,593,397,278,577
590,0,976,232,313,680,974,559,347,410,986,943,989,187,509,631,430,263,86,662,31,440
591,1,545,488,302,654,761,380,379,711,648,760,33,540,713,415,970,445,146,627,403,871
592,1,12,686,162,825,649,947,939,204,343,900,851,801,15,635,791,556,177,651,395,864
593,1,629,405,943,130,876,914,963,739,319,802,103,171,284,808,118,726,44,120,519,887
594,0,939,150,583,780,417,229,426,682,26,151,324,571,537,33,365,455,19,650,44,500
595,0,521,76,455,119,80,185,833,809,406,983,965,103,323,304,79,469,894,237,421,633
596,1,827,17,901,102,896,453,871,365,777,930,809,252,228,132,531,235,537,55,829,11
597,1,220,593,372,328,251,397,573,416,898,128,463,217,112,725,647,395,585,792,265,833
598,1,541,909,94,570,503,891,161,906,663,294,571,195,201,604,144,174,979,885,802,221
599,0,28,143,924,31,716,631,767,340,475,874,908,972,951,218,802,125,374,880,688,683
600,0,134,53,798,158,286,359,25,925,658,671,560,127,642,711,4,830,867,225,437,491
601,1,364,394,151,978,10,719,21,760,806,915,604,464,996,967,217,776,765,811,728,898
602,1,443,863,472,455,251,258,457,239,187,798,653,811,975,361,641,781,456,556,904,705
603,1,237,88,248,257,683,674,169,90,769,349,190,434,717,512,332,901,341,406,634,817
604,0,859,862,286,48,947,842,524,890,603,464,836,339,238,104,601,260,243,285,370,491
605,1,540,924,827,242,579,731,950,2,829,712,182,583,676,505,956,1,624,188,807,524
606,1,334,585,948,111,695,336,879,997,974,139,763,454,603,539,47,39,17,620,154,337
607,1,317,669,593,657,31,140,696,207,957,255,182,192,842,105,809,949,626,304,890,418
608,1,76,46,522,448,188,83,703,374,667,114,382,765,847,371,50,257,629,51,776,18
609,1,687,595,645,417,506,674,817,522,663,44,940,223,384,954,796,359,108,658,970,99
610,0,854,645,661,942,649,141,22,292,72,964,439,673,467,877,150,825,905,100,413,926
611,1,729,472,210,182,538,348,934,582,912,647,351,259,950,276,543,598,687,534,907,307
612,1,452,949,749,99,509,609,918,416,435,616,945,212,989,188,209,235,552,830,725,377
613,3,624,30,616,792,354,877,770,325,151,51,994,71,74,374,545,88,623,869,936,109
614,0,132,464,866,668,741,978,467,379,46,511,252,393,726,658,802,816,246,833,654,328
615,1,519,6,534,409,827,796,486,791,820,831,996,523,385,368,568,356,835,574,253,469
616,1,469,355,590,769,588,691,595,958,39,614,870,960,804,698,607,152,400,53,622,586
617,1,658,18,191,231,44,29,264,818,987,377,664,289,634,946,591,571,827,329,46,436
618,4,282,686,9,187,105,89,674,615,973,603,188,449,148,586,800,361,134,391,46,245
619,4,496,84,433,964,950,603,152,153,477,111,225,32,373,867,719,458,322,369,229,883
620,1,231,461,614,222,904,950,733,276,511,364,301,742,939,158,649,851,165,266,544,190
621,3,847,663,786,485,937,506,700,885,251,356,434,936,620,480,588,412,167,442,719,624
622,1,875,696,637,957,154,357,766,105,881,286,787,969,3,458,100,159,119,999,111,146
623,1,396,234,810,87,753,116,91,694,954,26,562,368,347,475,978,109,838,933,818,304
624,0,182,386,136,505,127,981,322,706,413,702,298,610,475,646,818,71,237,410,970,851
625,0,45,31,21,457,853,117,689,804,449,97,434,158,808,164,73,96,649,771,729,531
626,1,205,870,766,44,651,236,506,778,337,744,849,467,417,640,285,892,938,435,59,839
627,1,955,958,876,855,975,433,382,333,401,277,29,349,446,390,527,743,564,632,483,71
628,1,452,398,969,984,884,853,469,786,142,38,457,753,581,490,438,76,822,382,944,290
629,1,81,704,342,5,312,701,371,443,42,215,521,969,506,203,808,623,877,738,265,867
630,1,260,584,147,132,481,526,652,160,89,114,205,264,331,295,462,888,524,66,688,791
631,3,649,31,976,379,22,175,273,969,892,21,68,596,56,650,94,839,154,671,562,407
632,1,231,974,640,479,28,589,613,981,85,481,201,655,947,326,76,336,825,541,68,345
633,0,594,178,911,666,956,510,269,661,855,397,154,85,910,900,220,592,701,65,93,772
634,0,578,506,145,534,633,779,314,762,195,673,630,331,895,773,301,199,322,509,889,928
635,0,859,249,251,468,719,117,913,314,681,131,933,327,255,618,462,751,353,277,42,749
636,5,160,275,157,534,744,38,879,15,364,234,817,545,859,566,570,103,51,203,743,164
637,4,893,625,71,234,478,149,28,332,136,252,460,831,388,107,492,57,438,678,828,474
638,0,124,997,346,111,513,709,380,48,925,440,238,932,22,400,121,954,559,496,546,235
639,3,956,456,784,767,480,613,799,681,986,677,101,773,696,841,670,967,461,211,288,874
640,1,972,66,649,952,573,500,340,482,648,311,396,694,226,401,639,354,18,377,973,777
641,3,846,599,560,661,413,346,312,968,859,244,353,399,942,955,187,220,267,333,315,973
642,1,697,180,133,699,563,315,550,213,708,407,187,616,374,466,488,559,320,22,377,754
643,1,484,171,846,90,477,918,985,964,665,799,407,630,362,267,937,201,136,568,834,491
644,1,938,826,925,426,285,402,141,91,850,780,214,74,728,117,42,391,846,962,922,492
645,1,470,831,168,877,75,798,446,71,90,437,492,356,766,308,989,103,137,568,383,21
646,1,223,892,688,302,440,704,914,481,218,807,651,514,176,818,52,433,999,537,663,153
647,1,634,752,878,789,755,50,829,391,518,585,2,204,329,530,836,521,967,989,177,857
648,1,842,317,631,655,898,395,560,730,755,253,588,100,167,873,131,670,136,226,182,554
649,1,52,541,409,582,378,861,700,957,209,742,965,556,480,659,650,127,738,98,132,324
650,1,611,211,998,739,933,3,902,792,666,875,281,854,85,498,5,241,680,382,178,87
651,0,556,575,612,83,17,843,796,963,186,997,496,902,442,368,814,405,745,900,927,666
652,1,779,132,996,69,94,68,781,466,400,193,783,233,298,190,771,148,834,458,704,453
653,3,774,119,664,198,372,89,406,333,194,308,34,492,510,634,508,974,95,188,384,639
654,1,770,528,577,858,780,405,952,609,58,384,228,684,941,80,735,380,838,124,731,3
655,1,928,678,480,847,9,949,477,965,854,669,912,153,911,889,665,788,458,121,726,137
656,5,593,267,754,542,217,561,394,95,646,981,824,178,630,957,920,500,170,784,377,344
657,0,576,428,942,840,802,747,4,385,661,340,193,410,816,712,338,125,787,264,607,728
658,0,41,960,990,739,766,278,601,628,195,212,939,342,465,721,544,191,448,383,585,65
659,1,758,662,321,852,145,909,395,420,75,353,623,552,38,785,236,870,205,206,130,442
660,1,286,41,385,414,515,653,392,502,136,733,984,83,19,99,138,643,842,530,548,717
661,1,519,500,914,613,697,731,308,621,705,741,151,207,938,158,629,853,429,359,91,421
662,4,933,984,637,423,706,164,904,145,556,677,879,274,954,54,8,392,861,506,864,40
663,1,84,216,639,512,746,498,185,375,190,925,743,383,874,524,906,239,56,79,611,92
664,1,78,987,204,72,769,735,885,856,335,482,839,558,884,855,473,92,252,767,152,843
665,0,997,514,23,678,57,859,404,901,154,697,604,623,257,695,676,422,89,818,624,520
666,1,825,748,882,254,826,731,211,288,191,283,321,426,595,94,733,143,579,976,831,738
667,0,454,239,153,531,906,401,174,788,856,370,7,275,644,763,341,985,343,15,671,234
668,1,313,202,584,42,573,794,815,737,970,424,501,870,267,200,979,988,244,977,451,56
669,5,57,219,366,224,464,924,990,405,760,951,823,558,472,854,576,261,762,984,488,231
670,0,88,636,80,75,370,640,737,134,331,844,434,386,845,412,149,454,155,426,980,171
671,1,983,652,610,834,714,77,883,183,653,181,611,721,467,864,22,772,73,766,494,364
672,0,550,471,627,415,461,743,756,984,553,138,951,373,140,826,181,876,939,848,846,896
673,1,145,457,105,399,253,254,877,686,201,363,449,437,642,677,200,432,921,32,470,962
674,1,683,565,811,890,624,67,72,92,490,664,257,573,147,529,820,191,75,535,602,49
675,1,447,61,53,598,997,595,933,74,78,645,118,263,27,631,991,539,740,104,323,386
676,0,33,326,733,447,551,250,46,140,60,901,879,578,698,687,272,552,180,500,789,201
677,1,335,140,600,596,167,649,755,432,745,550,98,71,909,330,427,908,683,404,414,359
678,1,706,321,522,71,351,908,702,563,135,950,538,901,695,857,668,548,614,826,659,910
679,1,770,81,573,776,231,425,84,660,900,570,863,763,7,460,600,401,584,314,78,351
680,1,600,767,424,483,673,348,943,107,300,718,171,838,834,898,881,219,80,175,548,118
681,1,642,374,789,952,488,804,304,242,545,165,796,845,744,464,503,447,677,485,569,271
682,1,801,167,423,267,811,191,957,340,419,760,695,476,256,240,679,531,594,822,185,76
683,0,79,830,594,493,99,989,942,416,189,489,11,45,775,727,836,482,622,222,24,580
684,1,205,103,342,922,13,99,646,927,641,152,436,23,279,123,486,600,750,267,151,75
685,0,240,689,655,902,85,227,327,782,918,292,849,835,45,837,507,623,588,652,634,832
686,0,853,743,942,676,353,86,775,442,838,562,488,612,475,716,403,73,356,991,459,218
687,0,303,970,372,174,994,714,111,360,172,647,121,469,33,497,167,567,985,388,422,487
688,1,930,657,101,105,129,55,340,407,479,620,535,953,979,128,527,903,960,686,21,593
689,0,786,589,587,771,970,305,419,932,350,483,962,231,740,313,699,542,259,533,622,105
690,1,496,743,399,841,126,301,522,532,865,458,838,431,51,473,194,710,412,755,910,79
691,1,656,792,157,675,730,155,39,144,740,371,542,767,782,983,537,5,399,285,69,996
692,1,567,613,421,334,907,269,717,415,384,796,849,167,713,142,845,369,686,431,425,210
693,1,994,927,791,318,363,522,42,997,465,275,375,145,70,307,285,317,740,435,842,585
694,1,912,241,465,312,620,899,338,992,544,800,686,812,769,515,989,893,34,670,155,593
695,0,869,69,180,605,558,387,892,699,406,198,530,141,576,662,129,643,696,833,904,715
696,0,238,907,589,722,343,643,197,390,421,500,724,798,295,268,258,978,615,946,99,865
697,1,82,139,526,27,161,792,408,358,704,747,251,906,128,158,249,477,338,711,488,244
698,1,288,202,186,675,281,464,137,638,171,632,656,366,307,750,313,270,593,890,738,718
699,4,335,980,382,150,428,669,708,165,622,596,949,805,44,486,739,398,517,659,743,822
700,3,857,359,32,345,536,562,470,188,609,696,519,741,387,414,840,832,749,959,926,90
701,1,268,322,929,229,678,430,883,514,592,405,247,626,79,85,713,378,936,606,427,464
702,0,823,837,774,74,861,272,670,372,646,491,547,317,435,209,56,332,658,846,968,369
703,1,129,374,743,642,203,617,868,465,646,854,286,253,865,772,165,336,853,736,550,108
704,1,287,317,514,725,868,240,66,327,930,328,318,69,233,156,266,671,553,685,599,32
705,1,53,177,581,674,665,683,673,929,415,636,635,586,451,207,128,172,435,998,880,697
706,1,609,552,245,477,445,275,534,403,857,605,392,452,679,214,80,438,3,673,937,611
707,0,657,611,257,382,754,497,559,254,672,259,178,217,23,389,682,507,220,957,519,897
708,1,627,65,359,367,282,421,832,418,831,759,793,643,104,474,806,330,637,979,895,563
709,1,872,517,707,424,185,926,444,244,135,179,400,768,382,381,952,603,849,254,98,478
710,3,121,566,418,607,801,43,691,742,70,319,298,520,231,715,198,343,170,266,632,434
711,1,899,156,977,264,428,504,35,479,608,460,511,271,671,978,598,989,152,716,915,537
712,3,503,886,734,294,947,29,795,846,467,545,657,820,111,878,935,76,544,690,630,440
713,1,328,176,238,773,96,369,288,785,346,629,163,930,586,242,644,995,679,148,769,434
714,3,670,622,56,84,62,505,749,752,777,78,12,520,14,904,3,927,779,997,913,783
715,0,839,469,311,554,562,698,102,191,729,888,734,139,27,167,262,611,42,965,651,228
716,1,452,383,796,567,861,64,446,473,87,518,358,744,835,68,586,664,381,89,981,215
717,1,966,582,811,90,685,112,680,666,886,735,480,630,850,647,358,106,378,977,747,357
718,0,403,943,230,621,613,406,792,225,697,701,385,915,453,773,332,227,866,584,682,909
719,0,997,776,795,90,101,990,972,434,602,466,160,56,944,631,739,33,530,355,751,852
720,0,742,536,265,973,821,791,189,151,778,843,557,185,993,68,651,396,134,946,465,703
721,1,414,615,988,966,167,406,817,209,348,143,44,369,571,487,9,668,829,529,577,399
722,0,878,942,319,140,9,708,966,415,792,177,916,674,337,447,606,42,54,413,11,229
723,0,41,861,75,720,188,53,986,28,312,972,177,265,805,991,804,716,342,818,969,494
724,1,596,887,640,953,576,336,240,18,198,84,458,748,392,726,770,243,516,190,427,788
725,1,639,563,53,475,743,28,508,637,883,531,40,859,886,974,34,707,484,867,687,858
726,0,805,773,560,967,24,468,568,31,176,360,631,511,213,147,11,647,634,925,767,464
727,1,895,294,826,208,6,305,517,765,861,445,11,17,563,377,38,982,671,176,274,342
728,1,849,34,360,290,845,19,326,887,175,590,919,93,475,543,996,733,834,698,886,614
729,1,560,451,109,787,398,680,106,908,519,985,213,56,774,292,263,788,331,950,23,539
730,0,394,385,652,738,212,82,831,904,743,642,478,583,174,723,899,448,519,759,121,500
731,1,905,321,542,906,895,520,479,579,987,652,105,770,653,375,606,377,519,398,331,816
732,0,404,995,954,644,327,481,847,17,801,362,529,129,117,960,96,239,933,184,501,611
733,3,735,167,245,225,436,689,568,108,126,253,21,449,817,688,379,239,367,425,923,764
734,0,124,258,761,439,538,448,293,903,620,745,792,280,103,30,202,38,760,813,317,888
735,1,889,851,325,25,736,268,198,226,289,202,681,566,239,841,746,676,842,532,117,824
736,3,167,658,605,781,753,396,233,771,153,664,606,565,452,738,794,583,126,332,591,76
737,5,440,927,635,650,972,905,85,329,937,938,692,28,825,394,762,888,27,321,188,783
738,1,449,378,789,244,136,175,828,833,131,367,430,164,171,716,794,450,790,539,365,404
739,1,528,386,494,584,912,189,267,915,164,772,178,496,969,58,292,445,687,525,820,762
740,1,589,101,966,864,311,289,838,647,734,225,488,591,748,146,253,506,255,667,429,155
741,3,113,909,343,944,152,893,298,455,866,132,527,617,882,112,860,273,231,939,199,296
742,1,934,352,882,843,459,229,452,669,203,607,415,264,286,300,256,62,560,87,665,37
743,1,112,662,395,505,907,183,712,665,728,918,111,54,108,114,713,24,493,883,702,65
744,3,192,390,542,372,765,685,675,854,850,201,317,977,795,182,988,333,335,873,355,168
745,1,859,865,88,67,84,679,562,90,856,939,851,367,224,337,467,991,241,680,166,96
746,1,938,678,932,942,355,744,44,633,651,491,748,381,821,456,949,505,402,280,649,990
747,0,951,857,470,736,832,599,932,567,497,500,119,519,722,393,993,605,355,425,682,688
748,1,985,16,136,311,57,139,494,77,939,974,756,865,673,456,240,146,902,13,148,94
749,1,48,545,85,477,106,699,812,752,93,113,494,79,737,19,438,239,561,914,214,187
750,0,103,832,576,581,127,597,767,953,855,88,810,49,149,109,428,440,722,17,778,506
751,0,904,553,181,602,10,584,889,557,629,887,291,909,174,756,81,354,243,647,355,3
752,0,833,250,132,906,924,483,967,190,705,562,994,286,931,691,991,53,378,798,169,880
753,1,500,688,497,953,287,657,811,776,262,852,344,52,370,294,109,248,759,299,573,914
754,1,323,619,97,332,107,806,182,142,928,908,897,590,63,895,312,716,414,469,100,994
755,0,37,823,296,373,920,406,702,249,166,54,740,344,139,469,661,972,68,101,291,251
756,0,235,319,14,59,271,357,40,131,832,5,866,187,590,122,376,813,867,330,312,398
757,1,762,444,628,519,529,358,60,484,230,987,575,893,646,801,375,627,57,647,916,437
758,0,902,234,539,422,250,696,948,687,233,10,161,804,945,765,931,798,341,184,361,110
759,3,382,876,646,215,886,624,153,773,636,220,682,278,191,179,825,241,203,131,608,700
760,1,242,932,689,355,452,601,318,870,388,325,843,847,51,884,239,924,785,593,909,841
761,1,313,965,764,678,647,706,188,622,733,376,61,743,568,296,279,268,394,297,397,452
762,1,234,943,58,160,771,480,324,382,516,704,171,482,576,523,655,881,812,361,3,574
763,1,735,488,835,564,674,498,220,781,399,916,995,124,988,656,548,465,13,341,794,321
764,1,191,171,600,40,685,525,137,567,68,642,773,350,474,731,290,536,56,195,794,134
765,1,163,846,68,82,613,62,876,645,295,143,500,636,642,779,257,395,443,944,516,293
766,1,418,972,119,895,420,1,7,552,473,430,802,336,375,963,461,403,209,276,228,657
767,1,335,363,77,212,246,577,983,101,594,902,504,863,342,637,831,409,861,189,933,552
768,1,276,912,394,638,601,853,886,903,791,283,8,837,980,362,742,155,700,937,741,44
769,1,851,856,596,587,293,641,136,435,16,999,19,258,104,223,156,378,203,421,433,799
770,1,510,890,106,704,339,634,442,466,604,894,553,299,295,477,719,821,471,358,573,522
771,0,614,791,593,947,170,83,975,878,183,105,987,223,621,705,616,120,424,45,349,410
772,1,463,951,692,649,976,621,360,368,118,787,435,405,788,230,312,556,536,771,795,770
773,1,288,962,775,725,896,515,910,953,538,646,912,991,170,800,385,255,530,578,340,219
774,0,10,734,75,328,670,62,557,360,665,771,570,646,683,443,792,111,296,573,773,632
775,1,703,271,686,790,919,62,538,748,192,801,206,427,423,643,486,23,489,639,939,287
776,1,346,760,423,768,924,319,356,51,48,851,426,929,109,432,175,677,656,150,68,235
777,3,806,883,590,969,879,103,779,421,136,187,172,280,42,13,408,609,382,181,748,215
778,1,654,995,623,120,760,507,734,815,546,59,478,948,174,817,191,262,822,378,550,889
779,0,551,459,821,660,47,883,552,177,384,599,102,768,423,193,919,912,589,194,397,567
780,4,956,731,233,625,827,240,570,465,367,129,11,304,212,638,825,192,877,613,867,39
781,3,345,70,977,753,492,774,505,585,384,881,805,13,270,349,12,190,783,380,113,870
782,1,285,83,810,45,756,689,772,540,550,42,700,551,0,575,147,445,388,266,79,891
783,0,552,17,756,97,191,70,135,232,52,637,754,151,676,502,259,922,261,429,882,170
784,1,379,191,650,319,618,681,615,907,309,293,538,876,964,984,691,516,271,751,801,729
785,1,706,173,231,601,560,880,138,978,622,33,417,35,833,578,305,80,419,212,263,616
786,1,752,36,230,610,337,568,935,183,92,557,168,829,191,819,354,283,310,626,779,884
787,0,622,648,766,637,100,436,7,138,705,761,63,536,277,501,314,259,509,361,527,384
788,1,759,106,215,945,52,767,854,938,219,212,37,308,516,462,287,599,442,231,375,83
789,1,498,850,842,67,98,829,230,967,422,550,147,573,30,418,436,188,16,78,983,378
790,3,681,70,929,744,503,418,229,236,162,392,237,458,411,82,800,510,477,103,969,906
791,1,497,981,201,767,252,921,31,344,219,968,958,572,228,309,74,995,550,225,374,151
792,1,522,718,397,345,850,648,842,597,253,396,987,971,76,364,6,213,475,526,161,626
793,1,801,214,690,502,944,992,280,92,541,482,90,446,393,175,758,71,878,858,771,976
794,1,598,843,285,653,756,52,998,397,394,555,603,456,811,94,516,909,266,584,309,228
795,1,614,566,717,920,689,847,945,507,61,606,510,421,389,794,730,765,785,899,328,892
796,1,153,458,266,680,322,359,360,189,567,898,177,377,472,965,456,425,299,243,330,693
797,1,436,632,55,141,798,909,116,992,701,8,411,290,368,764,421,13,685,744,268,671
798,1,436,486,402,131,501,467,554,518,292,329,622,285,508,606,309,756,907,892,911,322
799,3,438,198,798,87,126,779,254,125,496,654,728,343,873,140,310,944,475,916,482,588
800,1,165,409,438,300,927,957,839,575,236,939,265,394,72,448,215,402,835,751,393,707
801,0,468,199,834,945,591,323,592,122,237,248,447,561,415,882,539,673,989,590,397,44
802,0,941,864,507,572,222,305,5,172,345,519,56,13,67,393,787,223,877,179,135,601
803,3,899,132,422,842,958,774,184,340,362,377,768,222,90,799,830,443,932,649,227,660
804,0,288,589,545,314,989,560,150,590,957,66,985,65,866,476,731,735,730,457,568,110
805,3,5,719,466,390,960,527,947,944,731,678,781,18,956,703,921,369,37,433,862,913
806,1,547,980,972,86,766,848,592,542,312,859,450,109,996,903,966,89,640,146,263,159
807,0,210,720,762,332,835,114,44,398,682,168,659,486,869,252,935,843,965,181,143,363
808,3,234,766,597,46,369,88,147,619,867,827,60,640,388,624,447,678,467,710,826,627
809,0,416,874,117,757,978,246,896,212,812,541,179,290,377,794,127,742,356,850,951,110
810,1,104,570,162,381,725,931,880,388,707,965,953,445,780,820,218,579,952,41,960,497
811,0,901,149,56,591,569,18,65,708,8,4,602,110,319,979,121,72,383,293,742,938
812,3,980,767,651,482,645,326,56,169,588,353,201,928,422,73,652,188,716,367,641,118
813,0,388,465,889,284,933,906,561,305,853,765,784,480,243,276,569,359,920,741,301,54
814,0,195,622,711,822,857,731,833,559,862,771,916,362,106,377,748,955,357,81,973,233
815,0,516,999,280,342,30,916,597,347,376,712,486,713,127,15,694,476,104,520,789,861
816,1,126,201,721,959,457,860,0,950,967,603,79,264,362,842,299,990,505,155,631,207
817,0,602,307,202,503,206,516,984,565,719,865,567,387,326,247,185,332,709,114,859,963
818,1,994,849,130,756,404,395,429,163,738,299,18,798,240,810,767,653,211,252,577,293
819,0,744,74,655,922,359,639,944,531,645,373,731,240,876,525,283,715,633,256,399,493
820,1,212,458,368,681,931,765,743,738,338,845,291,953,143,366,250,362,562,966,399,312
821,3,852,63,232,211,134,410,198,556,326,27,149,697,912,84,635,547,564,823,279,218
822,1,286,938,697,561,458,86,43,82,997,498,596,748,352,453,857,529,613,935,378,682
823,4,376,493,541,786,252,426,919,366,601,757,196,754,487,241,930,114,380,517,73,193
824,0,966,165,393,575,287,9,849,828,428,871,223,703,669,559,967,303,360,379,409,339
825,0,670,138,175,446,419,118,874,896,979,924,855,17,549,558,290,149,447,221,656,219
826,0,645,846,186,111,698,519,351,107,257,636,931,231,405,188,132,143,625,284,817,416
827,1,874,396,596,547,53,213,599,298,155,161,113,193,258,484,80,976,704,807,260,546
828,3,374,579,881,891,23,985,249,853,121,859,601,503,322,42,32,999,125,523,520,243
829,0,960,537,202,804,830,939,327,299,56,525,618,514,554,962,484,752,320,815,818,284
830,4,262,401,426,196,895,602,732,780,473,798,32,952,20,972,962,853,539,757,926,725
831,1,404,632,991,888,937,630,703,746,605,864,244,228,423,606,155,141,137,53,106,330
832,0,152,658,455,817,840,965,186,631,307,29,656,211,795,632,479,245,978,655,402,940
833,1,292,382,985,990,723,211,364,491,542,786,287,130,317,190,350,335,563,434,560,365
834,0,479,666,926,472,569,518,713,627,527,286,535,355,349,997,224,831,274,633,258,973
835,0,189,895,661,64,969,146,695,40,660,402,246,8,118,797,795,981,742,931,125,323
836,0,891,175,886,619,672,150,867,449,773,745,230,108,833,345,958,568,778,972,179,577
837,1,410,925,372,92,201,479,528,133,992,726,213,486,601,371,334,62,418,478,659,444
838,0,245,354,187,159,934,683,88,595,522,661,510,721,617,979,160,18,726,509,535,611
839,1,160,36,361,510,533,18,145,873,62,28,150,66,83,255,544,488,437,980,267,912
840,1,200,813,862,836,701,543,501,120,531,697,29,524,298,356,113,367,586,56,28,431
841,1,818,676,50,566,564,738,853,878,255,173,16,879,930,815,869,595,186,99,901,233
842,0,617,333,293,949,336,564,776,704,81,243,943,829,188,481,926,112,699,851,694,700
843,1,621,22,319,791,188,823,715,687,107,367,721,180,590,824,357,864,851,275,773,457
844,0,593,505,946,36,287,307,385,203,8,459,723,74,985,512,540,342,865,69,699,330
845,1,527,131,891,703,61,427,399,94,483,475,216,953,944,533,627,405,548,0,822,126
846,1,740,909,416,612,440,545,133,588,64,672,519,257,532,626,38,480,301,320,900,89
847,0,346,152,842,767,86,342,286,861,587,810,24,174,845,402,990,453,434,130,738,100
848,1,955,866,12,108,721,812,419,86,88,264,280,547,795,432,751,554,672,422,13,56
849,1,273,918,963,115,298,938,484,984,808,827,324,997,375,102,340,201,501,10,312,810
850,1,138,336,844,251,873,250,50,978,780,252,698,19,78,399,621,555,367,255,951,286
851,3,70,197,27,679,987,186,278,412,779,591,38,352,307,686,4,460,24,284,473,705
852,1,487,880,187,273,564,833,117,753,342,205,262,218,582,352,886,333,280,770,445,699
853,0,185,666,760,737,670,601,968,459,340,904,793,200,656,147,153,901,421,924,725,600
854,2,440,72,406,249,269,764,486,528,953,899,296,890,346,543,663,907,627,471,221,130
855,1,529,974,654,474,314,154,98,942,609,249,251,422,722,571,851,524,92,188,56,18
856,1,516,530,662,30,421,64,973,173,240,843,883,57,409,533,754,293,314,104,508,895
857,1,24,180,220,313,655,281,498,520,705,168,577,272,493,795,481,545,765,849,990,574
858,1,68,80,898,55,803,153,191,360,211,752,317,326,837,986,699,117,272,247,690,131
859,1,812,933,100,819,161,353,275,376,975,932,928,604,325,497,382,169,629,247,395,27
860,0,391,788,853,120,756,132,380,276,622,48,265,696,585,291,351,588,357,384,204,442
861,1,264,561,169,459,291,86,688,408,298,593,232,962,624,343,495,410,717,435,780,602
862,2,781,823,382,553,993,278,499,994,943,9,802,283,518,331,688,122,441,465,607,602
863,0,901,523,251,3,435,501,736,975,977,570,507,521,563,459,2,510,506,846,820,468
864,0,17,218,194,630,473,711,475,671,990,172,556,920,62,766,47,911,829,744,130,27
865,3,241,44,150,530,254,868,275,608,315,771,406,262,570,343,368,950,505,981,862,572
866,1,636,888,717,278,831,193,390,768,676,57,627,82,930,724,379,515,519,652,229,283
867,0,53,275,554,671,539,477,577,569,86,893,190,859,454,786,589,597,552,897,916,452
868,0,535,188,273,904,385,617,47,917,825,172,11,598,247,449,10,436,976,998,681,335
869,3,77,295,357,992,714,277,500,98,488,584,558,429,49,594,396,106,425,127,26,868
870,0,403,186,351,874,791,634,772,844,320,674,798,760,79,625,115,60,315,841,57,239
871,1,848,4,782,426,958,39,400,276,832,266,1,953,764,730,353,347,549,334,596,138
872,1,193,988,737,33,929,599,233,318,395,203,604,782,96,994,168,2,6,158,643,325
873,1,187,548,910,39,157,333,166,598,691,143,836,437,505,271,733,297,152,238,667,317
874,1,951,432,756,7,618,676,615,448,271,955,190,919,90,328,438,256,244,840,141,990
875,1,276,732,825,868,198,574,131,359,967,580,869,354,400,476,327,469,829,243,76,520
876,0,112,882,102,837,929,353,173,3,700,987,167,540,96,419,631,262,316,72,651,769
877,1,452,310,599,530,636,550,165,219,440,71,792,275,761,645,617,883,869,228,451,532
878,5,51,450,923,339,833,999,901,673,584,864,798,515,688,230,793,982,519,154,85,321
879,0,952,48,585,3,832,919,65,168,266,848,61,112,36,313,772,819,489,968,849,406
880,1,987,140,628,998,376,7,805,531,228,339,48,910,777,755,687,798,598,932,617,527
881,0,391,626,479,538,230,939,291,165,461,862,324,313,685,680,800,149,661,200,822,174
882,1,641,479,34,755,969,672,194,771,964,287,498,645,237,346,618,695,679,456,780,553
883,1,824,901,382,855,592,504,534,235,63,384,835,653,126,35,266,710,189,839,72,488
884,0,549,77,392,755,354,764,975,434,355,803,421,717,294,911,405,424,302,754,588,446
885,1,0,168,281,527,265,579,678,848,273,180,512,368,303,170,278,239,791,334,876,747
886,1,470,192,386,590,548,752,295,583,87,257,276,700,317,996,303,877,4,373,627,251
887,1,795,88,691,844,285,481,51,177,866,912,907,393,81,303,767,342,591,699,785,520
888,1,238,692,82,885,512,178,325,244,252,235,941,996,898,810,13,375,298,554,823,848
889,3,32,639,929,599,914,613,683,101,118,630,618,186,836,848,883,715,205,263,922,960
890,1,909,13,49,110,364,947,537,395,970,573,224,973,983,44,959,875,730,943,126,646
891,1,300,297,10,681,870,301,994,266,809,202,987,201,49,948,555,155,330,610,982,62
892,1,979,977,739,555,964,480,18,290,682,371,61,640,689,183,219,963,997,755,793,981
893,1,52,349,467,705,374,402,586,87,270,54,829,922,563,226,511,352,147,750,10,939
894,0,984,407,994,450,728,244,688,646,617,862,791,620,97,416,417,183,62,594,676,229
895,1,525,206,890,633,355,635,708,68,995,957,321,591,270,924,343,955,790,383,467,698
896,5,461,813,113,646,565,139,323,284,525,3,435,383,454,769,721,40,350,916,888,705
897,1,329,417,931,798,592,201,136,126,987,105,168,194,578,72,345,60,866,266,56,670
898,1,314,165,654,921,387,142,625,453,363,99,80,890,409,39,280,468,183,583,640,852
899,0,531,407,802,600,816,657,416,690,92,194,626,526,753,488,425,399,509,859,653,564
900,0,95,68,481,714,327,44,275,176,140,322,280,169,117,746,762,596,725,12,539,991
901,1,538,62,912,0,4,363,833,491,317,599,878,135,714,419,637,945,834,533,374,20
902,0,711,671,935,773,620,64,660,840,813,219,146,826,782,407,396,272,892,903,472,391
903,3,950,436,197,601,24,906,992,680,994,709,402,310,75,698,826,869,659,913,748,999
904,0,27,480,308,864,917,411,460,914,216,767,105,941,795,295,314,138,214,551,663,356
905,1,972,623,844,892,153,660,103,94,240,342,105,389,115,507,550,117,549,736,993,72
906,1,586,450,607,78,661,45,378,177,178,528,756,998,944,786,198,234,131,865,242,458
907,1,207,305,700,514,162,92,842,741,187,456,168,338,108,159,530,632,975,584,383,421
908,3,426,941,951,877,85,632,485,917,990,397,970,707,160,844,352,198,458,744,503,959
909,1,207,492,584,629,359,687,445,855,463,356,830,315,436,587,56,685,942,812,636,933
910,1,909,494,281,6,926,73,961,806,890,615,417,930,223,432,182,795,661,982,973,96
911,1,475,749,263,28,134,948,482,670,105,245,723,866,45,965,558,719,635,78,615,256
912,1,539,263,683,760,983,812,541,994,41,195,418,351,540,794,391,251,811,499,441,864
913,1,115,69,6,169,859,260,469,849,481,279,777,40,802,465,935,648,32,255,95,436
914,1,424,499,711,207,218,306,538,753,942,562,425,487,659,245,789,885,438,382,349,386
915,0,633,467,188,893,695,947,806,401,599,661,303,950,414,586,201,990,137,269,278,582
916,1,405,432,431,114,867,653,634,752,527,820,9,292,123,737,912,5,553,813,644,266
917,0,656,437,662,562,548,101,817,425,569,734,963,992,983,639,319,553,250,822,294,587
918,0,317,921,836,971,108,46,309,357,556,808,167,905,481,965,962,856,37,894,316,660
919,0,691,590,759,456,407,985,926,217,101,853,488,876,237,44,909,771,284,263,625,925
920,3,567,842,255,78,688,884,555,365,701,298,243,757,538,196,922,654,892,631,357,207
921,0,185,423,87,575,964,252,635,884,528,820,84,845,128,784,596,349,383,942,62,6
922,0,422,575,321,649,805,253,299,449,394,368,108,511,915,222,183,311,103,727,974,797
923,0,253,138,21,330,164,515,191,150,631,294,467,804,319,17,675,849,352,490,100,523
924,2,43,805,655,284,163,388,707,979,11,993,678,352,945,714,520,649,739,425,91,633
925,1,224,949,18,108,287,595,126,458,20,980,881,189,76,329,479,190,972,708,139,836
926,3,337,669,360,174,148,913,885,206,681,24,438,597,149,236,254,237,588,814,449,458
927,0,689,20,200,413,344,318,930,889,513,575,10,937,720,828,813,912,853,528,375,883
928,1,825,656,624,749,324,369,98,306,242,72,772,814,87,869,689,638,119,692,613,631
929,1,709,804,994,767,568,783,93,228,458,563,489,800,80,657,978,155,176,739,337,152
930,0,742,223,853,629,355,349,122,399,665,786,819,958,740,526,12,785,686,596,675,420
931,0,302,793,998,124,770,601,660,40,765,73,466,474,974,68,648,478,389,174,989,741
932,0,456,960,795,590,809,350,143,674,142,286,738,564,990,65,291,609,842,563,398,421
933,0,950,845,246,996,66,617,298,25,314,830,38,548,494,197,64,125,446,161,602,604
934,1,208,15,115,867,657,567,435,797,709,861,639,274,900,322,320,22,694,151,899,86
935,1,712,777,885,91,718,921,95,804,842,895,794,245,317,324,833,252,784,415,131,704
936,1,723,668,245,824,145,456,704,717,660,224,170,248,111,983,91,917,927,50,605,462
937,3,378,677,628,491,32,307,474,657,489,417,672,741,63,478,532,418,427,16,930,38
938,0,825,801,616,133,778,582,550,178,266,555,789,459,242,816,407,828,753,585,599,996
939,0,995,45,116,133,58,611,409,66,951,353,499,770,656,710,987,93,590,903,883,672
940,1,27,579,584,648,827,409,230,640,527,54,739,631,626,461,607,1,578,689,19,815
941,0,722,40,427,767,378,853,720,128,821,20,205,735,133,519,431,473,440,111,252,403
942,0,935,360,389,708,490,322,249,534,592,762,537,123,981,742,964,482,11,431,869,28
943,0,845,846,402,518,894,972,183,143,993,30,944,104,736,920,397,136,79,241,919,650
944,2,220,382,989,868,221,132,795,131,503,125,767,262,349,632,505,990,621,115,551,936
945,1,335,908,804,225,590,376,714,903,55,995,870,631,67,153,696,303,173,486,365,398
946,4,202,596,980,108,645,415,104,909,999,653,627,672,199,752,832,141,949,983,255,808
947,0,460,824,182,176,388,471,253,609,368,722,559,886,751,273,450,544,632,803,888,80
948,1,625,349,783,458,378,53,676,605,55,14,910,893,162,117,987,101,972,793,514,943
949,1,331,282,910,350,69,212,840,13,340,267,520,560,954,412,620,786,870,157,362,687
950,1,695,528,948,848,54,353,586,650,904,775,428,799,859,437,305,144,645,693,342,380
951,1,760,689,190,454,299,424,909,809,346,325,842,157,714,91,762,991,9,383,758,735
952,1,693,30,385,361,794,343,61,467,814,65,123,329,139,702,399,580,601,706,367,782
953,0,986,706,598,844,988,636,378,396,505,846,961,438,62,356,198,573,998,58,585,363
954,1,223,399,322,533,690,234,305,801,201,566,979,61,837,520,682,755,143,157,168,260
955,1,327,251,82,550,968,616,8,37,358,619,707,570,279,467,258,843,798,267,580,917
956,1,834,622,566,126,555,912,377,969,934,297,480,74,159,348,570,639,334,852,953,602
957,1,637,824,685,378,682,987,940,615,648,294,505,6,160,876,741,413,996,883,938,331
958,1,743,557,970,299,379,864,527,525,855,763,815,461,293,51,657,845,310,385,483,31
959,0,640,425,664,561,80,206,533,916,576,165,553,84,347,456,877,684,682,822,91,934
960,0,686,980,83,182,136,199,730,516,723,973,126,8,832,240,367,795,940,146,419,921
961,1,996,981,638,750,381,33,738,649,811,48,483,239,639,912,330,207,953,577,809,690
962,1,358,364,248,100,646,841,594,805,581,140,480,0,620,797,210,569,102,748,45,435
963,0,946,33,146,499,862,145,140,285,195,757,324,223,666,479,357,978,374,366,211,686
964,1,238,162,400,956,16,974,461,808,900,309,943,141,232,486,57,431,67,391,716,23
965,1,555,970,213,246,383,758,771,409,948,858,780,410,114,514,194,101,887,684,461,646
966,3,515,960,124,335,351,658,257,902,96,482,145,740,259,982,637,926,868,762,963,881
967,1,557,405,795,352,105,833,283,775,183,851,666,532,71,728,355,150,402,805,55,820
968,0,392,768,102,457,711,109,639,157,496,324,320,826,860,300,439,198,830,0,649,204
969,1,298,317,621,764,470,326,412,131,512,814,692,135,367,194,775,766,539,596,652,46
970,1,833,712,762,547,838,393,163,19,338,554,868,495,506,671,570,735,337,562,390,16
971,0,959,402,950,382,510,30,154,49,657,42,216,720,48,315,636,680,558,425,208,242
972,0,38,935,918,584,170,97,197,261,279,43,110,485,539,932,958,409,232,312,897,654
973,1,820,2,59,884,786,223,420,941,954,365,472,478,100,924,849,415,868,738,995,734
974,1,587,135,986,333,300,725,658,902,253,194,474,361,884,483,675,331,455,983,248,790
975,0,531,265,904,754,397,423,305,111,610,10,922,715,131,182,459,376,179,652,986,590
976,0,335,238,964,110,81,354,375,827,940,646,672,125,979,426,565,86,507,134,419,217
977,0,29,106,569,950,768,952,308,911,740,461,619,129,998,330,368,430,890,468,167,754
978,0,957,327,155,968,915,608,375,782,82,733,889,684,362,414,445,856,577,540,159,134
979,1,35,923,808,650,269,508,482,329,423,356,267,117,90,940,232,822,699,367,375,462
980,1,84,224,678,110,874,967,872,155,175,383,761,222,15,605,881,598,642,727,550,520
981,1,375,419,413,27,925,800,275,214,409,35,771,503,465,795,54,4,996,108,11,220
982,1,136,190,860,210,652,812,370,992,580,820,398,977,247,405,930,911,785,372,607,189
983,4,734,840,144,311,632,251,905,193,643,473,126,506,471,867,681,110,675,390,520,105
984,0,322,640,666,217,703,539,345,518,683,971,487,381,956,83,32,292,402,275,922,594
985,3,832,469,820,555,194,242,801,302,966,143,791,236,771,54,669,173,667,322,743,540
986,1,385,765,331,253,758,561,72,195,473,879,649,81,119,441,158,759,280,827,950,881
987,0,272,849,45,970,862,705,289,865,124,901,208,398,383,483,696,635,210,276,931,543
988,1,245,384,307,685,779,865,647,825,444,610,738,636,453,366,200,3,322,783,336,925
989,0,350,737,501,855,577,220,298,856,854,326,26,83,539,383,815,362,336,945,810,236
990,0,241,259,299,999,815,973,110,631,91,175,272,270,774,284,928,233,301,360,262,254
991,0,701,799,792,563,813,14,930,125,798,865,941,32,854,333,781,857,749,488,173,690
992,0,688,726,210,990,617,824,492,843,674,941,745,513,549,520,385,202,213,160,194,522
993,1,864,294,625,785,525,298,283,87,386,610,556,268,53,83,316,492,89,982,969,459
994,1,561,668,192,249,372,356,557,225,763,662,865,547,386,432,83,666,399,794,699,261
995,0,227,703,374,567,39,795,220,583,639,140,57,805,153,432,947,135,821,825,94,737
996,0,657,846,948,469,192,545,818,491,435,553,166,839,157,513,511,181,925,928,368,424
997,1,800,45,954,630,753,802,850,601,95,887,633,900,477,729,316,936,654,745,253,322
998,1,845,916,748,249,913,576,728,79,478,138,844,354,352,404,177,895,152,743,223,173
999,0,639,600,354,296,61,118,768,251,340,602,438,599,837,622,989,241,611,272,883,791
