0,1,922,807,939,867,240,417,388,147,756,382,654,258,781,848,871,132,192,420
1,1,485,271,187,839,928,892,806,371,580,932,762,651,381,532,380,83,883,224
2,0,291,46,108,298,320,746,23,995,319,216,970,984,605,545,515,729,826,679
3,0,462,116,850,2,625,493,998,439,202,258,456,624,884,316,38,243,21,837
4,1,968,496,396,654,721,321,698,935,674,861,907,790,608,881,117,120,844,903
5,0,558,964,271,555,322,573,705,751,619,954,443,197,417,894,405,436,221,115
6,0,770,63,485,181,251,890,552,509,598,977,578,174,685,248,438,333,83,195
7,1,735,887,834,874,936,314,803,494,485,620,506,443,999,181,843,498,591,557
8,0,351,527,125,40,413,993,467,25,533,871,412,189,332,59,516,587,85,764
9,1,41,994,117,81,401,235,479,973,175,966,228,30,16,57,267,747,910,822
10,0,335,352,421,293,196,313,545,85,483,363,36,740,125,513,712,656,364,71
11,5,717,98,736,575,108,452,10,971,228,687,50,547,782,387,240,373,625,62
12,1,6,811,981,907,247,364,20,261,388,232,613,135,102,641,778,980,31,253
13,1,119,943,240,715,213,243,84,350,411,975,458,305,823,41,373,994,574,82
14,3,960,499,368,296,235,828,525,256,941,190,160,656,610,927,427,734,633,11
15,1,982,144,841,809,664,780,250,283,697,118,444,898,638,588,48,149,731,527
16,1,848,112,629,429,183,648,922,498,624,781,772,532,506,820,325,991,354,401
17,1,666,563,227,369,817,12,449,805,7,479,380,444,990,446,315,788,247,741
18,1,223,514,865,484,234,488,932,883,818,25,59,224,856,217,827,961,787,806
19,0,240,915,436,852,523,880,396,828,119,39,577,61,898,18,357,872,624,859
20,1,546,714,129,71,87,648,956,301,549,864,640,605,623,441,414,910,344,966
21,1,835,657,357,715,404,626,131,590,838,413,359,598,361,722,398,673,642,180
22,1,800,414,196,776,723,546,496,183,703,785,458,991,265,746,575,551,392,113
23,0,149,946,13,374,659,715,314,637,908,430,698,601,251,205,96,869,481,82
24,3,146,776,810,575,853,199,838,800,864,52,470,552,654,775,609,615,606,148
25,0,726,93,996,777,26,945,768,758,149,409,774,386,636,874,470,150,311,846
26,3,977,471,293,605,485,130,545,183,754,623,576,432,736,263,469,50,774,7
27,1,143,714,726,978,227,315,62,793,614,397,604,723,84,662,176,558,747,44
28,0,98,94,529,816,175,681,877,488,285,425,801,636,199,160,416,898,948,686
29,1,337,334,772,380,673,138,714,107,618,59,958,359,883,516,511,862,599,968
30,2,965,805,40,79,339,667,335,797,898,855,203,253,645,999,617,554,694,596
31,1,94,476,832,238,52,674,393,221,47,118,845,135,101,784,240,448,718,862
32,1,817,825,883,241,157,102,966,42,678,684,253,911,468,269,82,724,100,149
33,3,922,918,737,759,184,311,36,559,577,761,993,356,663,285,958,191,656,956
34,0,571,119,699,361,220,182,142,560,505,994,772,933,407,305,302,263,150,295
35,0,740,72,282,173,797,545,998,542,44,971,610,522,999,663,252,476,556,917
36,1,812,93,142,939,380,860,326,645,362,995,574,177,300,933,956,379,318,499
37,0,144,203,759,132,161,612,456,264,492,453,473,352,931,284,446,945,461,422
38,1,495,538,70,917,57,396,452,1,879,698,784,674,175,544,150,263,893,383
39,4,184,708,997,478,547,699,406,71,564,802,255,413,245,149,140,995,538,976
40,1,386,456,528,16,987,185,238,466,752,33,784,949,463,26,961,919,21,165
41,0,717,483,948,757,94,828,827,604,11,60,588,319,108,755,492,256,597,916
42,0,172,309,354,349,68,920,378,356,808,96,251,529,627,0,644,719,98,998
43,0,106,328,483,819,476,692,792,771,151,213,909,185,164,18,399,215,89,903
44,1,345,709,449,386,232,621,727,73,903,168,826,858,663,78,518,408,412,506
45,1,428,344,324,580,57,991,283,853,422,782,888,896,475,174,511,208,336,466
46,0,55,381,341,60,351,32,485,194,671,510,400,986,407,977,218,594,995,648
47,1,677,676,136,503,334,446,169,632,852,782,684,106,426,318,773,638,401,582
48,1,873,985,591,750,266,102,645,927,23,637,812,715,208,142,544,828,702,329
49,1,222,785,926,612,876,982,43,309,723,559,850,1,772,333,970,883,817,775
50,1,677,490,973,100,974,374,718,727,591,835,881,876,310,466,402,530,607,18
51,0,604,165,683,146,379,246,138,229,976,94,339,403,275,475,75,180,410,69
52,1,966,637,866,173,714,310,434,612,225,609,952,706,956,244,665,558,680,383
53,1,601,74,697,792,342,321,223,971,11,441,482,133,906,292,91,57,573,815
54,0,98,126,301,123,420,992,310,269,972,907,82,24,539,786,874,400,575,266
55,4,664,525,736,134,996,668,734,948,251,761,478,815,208,760,550,683,953,264
56,0,638,350,996,979,808,1,511,67,711,236,983,44,216,877,712,47,640,339
57,0,975,948,524,356,407,645,727,875,373,853,349,99,348,590,151,220,269,214
58,3,800,161,427,641,594,542,801,448,372,381,716,599,481,388,374,932,673,95
59,3,775,845,1,469,891,645,596,228,310,164,700,8,427,140,23,623,437,535
60,0,799,592,581,746,754,456,99,199,93,726,113,866,18,704,976,31,14,956
61,1,401,27,873,371,446,392,454,389,787,71,218,297,997,549,114,772,648,586
62,1,69,994,892,77,786,15,129,519,987,401,731,135,782,220,3,339,154,598
63,1,370,397,494,804,644,481,828,907,355,73,528,866,944,503,170,919,33,374
64,0,302,370,163,599,58,91,178,396,801,475,901,684,209,134,65,513,943,10
65,0,929,883,678,379,447,813,220,374,427,59,229,908,888,308,456,185,376,108
66,3,176,958,732,330,499,167,248,697,206,963,109,230,417,891,823,566,995,575
67,1,265,881,448,964,569,213,942,839,538,528,220,883,405,443,278,228,285,129
68,0,487,582,543,914,644,359,463,188,693,623,790,990,852,492,728,501,223,270
69,1,729,182,900,814,819,157,454,782,430,165,378,627,238,790,624,15,337,919
70,0,789,263,61,449,237,686,935,428,176,748,661,361,411,324,311,722,436,108
71,1,640,580,619,911,850,642,228,523,120,82,426,660,196,337,47,569,34,272
72,0,271,764,495,633,185,739,769,64,239,499,533,310,207,756,289,813,206,660
73,0,456,561,1,594,513,914,459,435,80,893,769,128,86,290,240,425,978,639
74,1,984,509,63,403,515,37,786,306,536,785,647,67,141,996,584,563,260,112
75,1,273,467,291,172,399,301,672,819,11,503,649,823,469,483,216,981,569,707
76,1,430,844,15,127,985,116,688,253,841,212,834,529,467,597,247,548,65,830
77,1,388,222,242,981,853,857,615,327,502,141,864,891,297,817,187,866,97,238
78,0,452,662,378,65,54,239,644,809,851,338,29,160,974,254,80,822,64,724
79,1,107,966,990,617,459,987,981,180,811,258,953,922,334,461,854,114,882,624
80,0,39,771,806,35,912,71,853,420,99,544,645,667,803,283,523,844,842,873
81,0,166,277,656,9,289,230,595,765,793,99,362,177,783,546,915,711,134,954
82,0,787,150,819,573,545,199,580,127,517,59,997,240,866,81,568,998,435,482
83,1,143,850,793,730,220,464,435,516,325,746,300,57,995,510,726,529,830,208
84,1,213,564,272,366,91,295,277,959,183,588,775,818,969,879,577,132,256,955
85,0,866,843,614,393,16,902,999,786,335,678,841,147,509,349,355,516,568,102
86,0,880,276,346,612,199,792,42,865,402,507,494,414,174,751,666,363,956,661
87,0,182,25,918,682,821,879,730,442,77,590,33,545,900,76,235,609,369,516
88,1,102,950,678,615,79,291,473,907,684,25,408,197,173,159,801,706,588,69
89,0,887,409,167,81,458,988,248,85,463,465,953,264,518,207,510,491,774,129
90,3,409,492,935,195,44,280,653,910,768,31,42,60,635,727,332,437,464,57
91,1,295,12,161,862,966,656,822,979,505,75,582,213,397,799,521,126,524,199
92,1,635,21,781,183,601,462,155,810,159,484,98,907,839,514,519,761,355,497
93,1,747,276,367,363,23,949,969,959,938,337,587,765,459,144,914,33,429,288
94,1,245,464,327,54,954,770,906,438,670,171,555,377,633,857,229,99,154,639
95,1,386,542,490,432,618,672,626,786,365,416,936,165,806,502,341,897,284,125
96,1,561,922,302,676,938,39,682,925,30,526,541,785,382,336,206,535,377,777
97,1,146,723,820,963,592,138,946,771,116,115,328,756,339,993,11,889,918,628
98,1,494,847,358,186,287,538,553,409,841,601,13,329,382,559,40,958,31,594
99,0,249,318,875,384,395,448,562,574,169,528,509,783,321,476,299,442,579,374
100,0,925,877,720,286,85,603,797,770,648,906,926,822,412,656,956,567,990,103
101,3,306,214,648,643,324,524,368,477,897,962,758,741,803,848,425,590,801,114
102,0,73,0,721,12,889,27,216,538,55,779,262,954,974,741,13,859,647,989
103,1,158,357,183,774,464,550,458,528,750,727,977,159,943,367,23,468,878,744
104,1,128,23,149,130,382,455,377,858,643,169,561,50,133,399,370,141,979,518
105,1,1,611,991,482,550,83,228,998,753,338,433,719,73,694,916,651,513,615
106,1,493,8,733,339,307,89,981,841,125,74,414,594,363,551,522,337,805,973
107,1,893,125,1,210,596,600,83,890,901,967,377,19,843,841,821,558,150,895
108,4,211,221,106,7,751,474,312,965,779,569,912,460,543,222,649,915,56,29
109,1,42,962,470,539,425,526,798,870,196,515,117,15,771,397,506,284,23,871
110,1,950,19,315,673,393,609,413,557,147,383,5,627,512,86,844,828,823,780
111,0,130,959,514,188,519,369,982,258,294,46,243,141,671,492,404,377,385,861
112,4,454,719,506,613,964,429,583,819,907,383,315,90,77,65,116,462,777,56
113,3,678,106,680,846,956,135,518,468,764,412,814,590,160,433,523,167,556,474
114,0,584,894,448,648,966,598,942,933,629,206,819,342,426,810,150,737,165,30
115,3,266,278,487,329,171,189,481,182,883,875,765,811,117,970,519,842,602,473
116,1,303,421,137,791,659,117,52,362,958,685,553,657,834,129,866,730,377,367
117,0,745,896,299,469,736,852,413,977,275,872,922,123,180,817,352,539,705,825
118,1,844,925,512,874,92,12,850,25,58,377,471,918,519,126,358,584,933,257
119,1,415,347,984,835,576,849,895,218,751,967,165,245,952,252,298,848,408,122
120,1,368,601,305,66,917,451,74,123,422,542,302,594,6,685,320,387,737,67
121,0,245,765,712,786,266,509,550,111,591,600,425,402,650,778,624,692,343,456
122,1,47,506,821,752,688,927,17,150,907,392,91,40,655,943,37,311,428,186
123,0,884,706,15,349,195,651,107,263,268,925,594,592,622,260,703,926,153,210
124,1,826,674,175,205,159,733,749,285,74,857,208,280,748,598,456,911,393,374
125,0,975,417,596,937,684,990,89,507,899,525,362,543,694,335,170,522,924,888
126,0,397,582,566,852,877,414,919,210,441,413,360,539,708,453,537,73,512,318
127,1,601,515,532,232,822,410,580,804,782,326,384,985,114,583,597,268,590,116
128,1,800,502,847,348,44,609,888,577,291,945,744,919,216,996,332,459,860,924
129,0,660,976,995,370,585,887,664,712,76,32,790,198,830,21,485,580,554,744
130,0,89,520,791,12,692,498,634,608,633,673,901,711,890,904,952,220,884,595
131,3,415,337,808,181,364,54,315,805,559,825,975,991,930,952,658,175,298,502
132,1,243,633,512,876,303,593,459,529,241,86,351,488,596,616,668,300,485,318
133,1,114,233,316,653,215,361,580,959,242,140,781,685,147,586,706,985,283,487
134,1,644,357,517,459,162,800,460,976,658,478,939,874,962,520,541,685,665,546
135,0,501,132,263,627,65,158,726,625,541,761,583,843,116,684,80,6,125,326
136,1,996,257,888,942,730,253,529,951,532,37,271,590,504,378,799,326,291,190
137,1,475,304,69,960,186,731,760,573,149,389,271,617,236,508,349,509,106,36
138,1,216,747,726,930,190,667,102,956,137,643,429,478,918,502,80,691,705,896
139,0,215,917,599,405,169,118,650,999,152,940,618,454,179,173,922,969,427,878
140,5,817,149,411,488,339,379,575,725,88,497,385,955,642,531,699,470,727,525
141,1,711,166,77,259,503,670,136,515,990,471,952,44,534,716,317,872,892,977
142,1,653,606,554,793,334,872,405,222,266,461,902,802,280,416,292,11,206,199
143,0,784,659,967,776,628,578,267,484,213,309,362,989,18,625,818,749,688,654
144,1,530,251,543,463,630,774,902,864,934,951,27,170,250,697,367,213,731,228
145,1,837,969,893,889,211,703,804,533,332,215,935,942,528,752,510,853,769,741
146,0,464,81,625,357,729,74,302,401,223,808,8,902,430,461,563,145,873,465
147,0,573,700,452,337,71,404,653,125,829,113,535,40,466,616,611,79,909,677
148,1,819,699,194,451,804,330,645,375,172,544,416,105,137,124,28,728,918,847
149,1,402,564,561,270,355,292,245,954,413,580,424,243,370,318,168,86,105,331
150,1,305,313,157,904,614,732,51,120,217,654,316,642,519,459,262,680,367,450
151,0,943,116,162,767,186,861,417,909,152,410,939,844,657,218,138,406,290,292
152,3,265,665,925,380,103,184,109,219,726,918,377,516,994,968,73,696,961,489
153,1,325,955,885,961,726,949,808,976,664,159,792,770,923,877,769,692,848,695
154,1,385,823,714,122,879,34,453,770,628,244,589,691,942,554,19,685,548,560
155,1,280,224,909,544,412,692,747,926,96,833,115,197,307,45,615,380,169,565
156,0,795,348,682,980,147,12,860,640,370,544,32,728,703,881,602,609,819,380
157,1,874,353,81,325,369,929,632,433,797,47,624,966,776,578,869,389,563,377
158,1,676,590,935,593,535,447,566,606,805,968,58,161,374,767,7,709,325,223
159,1,700,593,345,742,103,97,409,353,528,613,813,148,204,518,529,304,764,592
160,0,514,705,623,450,707,739,263,346,681,529,866,706,912,423,760,506,617,303
161,1,136,763,917,818,445,264,42,579,758,889,59,337,905,726,661,594,863,249
162,1,184,685,828,858,477,761,615,571,87,598,115,859,833,536,401,876,670,331
163,3,854,889,271,536,173,376,240,133,919,63,175,138,156,274,257,596,619,603
164,1,60,460,848,392,759,477,831,615,96,58,819,566,839,223,303,879,241,883
165,1,299,787,151,873,818,32,333,738,301,351,492,362,664,256,903,174,50,45
166,3,100,311,94,730,465,67,305,521,56,883,111,180,796,850,574,327,584,170
167,0,885,106,972,896,561,842,349,253,563,196,908,672,438,657,119,172,80,367
168,1,668,866,197,1,509,585,18,737,934,693,77,894,258,268,754,79,807,639
169,1,649,976,335,720,238,234,326,563,160,362,309,751,705,113,582,816,413,643
170,1,427,756,604,277,627,645,466,210,195,109,71,971,663,586,168,519,140,508
171,0,598,483,608,693,533,731,200,85,980,343,644,209,445,435,23,989,352,389
172,0,322,735,264,19,34,243,990,772,253,438,520,969,326,92,483,179,79,307
173,1,274,919,901,122,817,470,586,62,799,748,131,556,898,963,115,689,65,999
174,0,376,851,754,129,365,625,870,977,272,715,205,236,186,353,669,140,673,471
175,4,591,492,762,634,99,88,915,800,261,125,229,739,900,917,998,647,883,938
176,0,378,340,815,247,467,848,24,70,540,693,66,177,716,89,817,669,84,681
177,1,166,54,75,716,70,199,772,29,23,736,120,696,94,574,485,981,385,258
178,1,588,403,450,94,903,986,58,726,598,103,886,871,969,996,270,924,847,770
179,4,23,738,471,50,259,214,474,110,218,135,246,266,685,538,652,19,798,849
180,4,629,565,816,866,825,851,770,451,528,221,13,671,96,743,270,759,162,416
181,1,166,970,309,555,256,751,191,692,457,53,803,942,49,835,58,172,177,528
182,0,840,955,946,595,579,22,825,151,297,795,96,4,919,110,462,723,216,626
183,1,345,44,884,336,227,5,942,520,133,880,668,129,633,259,142,628,338,763
184,0,871,492,704,656,834,252,316,542,417,664,977,496,747,514,812,46,828,62
185,1,299,346,611,670,484,188,40,137,894,326,749,682,92,227,925,410,459,542
186,1,809,461,726,903,660,833,619,50,380,440,826,406,490,696,352,970,330,499
187,0,257,330,654,885,164,136,112,650,684,50,153,580,638,566,354,93,578,590
188,0,81,421,683,211,875,364,906,649,416,551,622,175,513,268,917,743,214,605
189,0,47,798,840,546,942,292,414,815,13,441,939,286,84,744,649,262,488,95
190,1,663,601,557,812,25,440,242,698,995,345,189,486,941,902,142,367,130,198
191,0,920,272,532,48,641,165,806,131,632,70,415,777,350,292,559,433,305,981
192,3,1,477,990,892,460,333,543,257,289,232,446,350,860,590,182,178,930,480
193,3,239,218,251,932,148,104,307,556,94,785,554,842,589,114,794,957,619,965
194,5,163,445,395,860,875,301,807,625,855,991,544,562,825,471,346,706,469,834
195,0,420,896,186,629,790,863,190,623,873,595,205,536,492,965,286,2,409,794
196,1,843,356,176,575,288,745,926,433,985,334,464,577,531,483,445,32,802,28
197,0,279,256,797,704,398,947,418,51,249,608,535,830,388,652,410,485,507,638
198,0,286,683,435,185,180,282,781,395,844,484,129,131,709,856,172,334,422,372
199,4,686,692,269,413,671,869,241,422,493,113,414,431,183,320,841,676,721,403
200,1,618,278,110,294,851,100,475,49,870,298,830,591,913,892,699,280,924,726
201,0,505,809,309,138,73,536,845,610,799,43,889,62,212,691,147,992,112,200
202,1,850,558,737,975,397,169,303,4,474,266,600,982,760,96,580,323,450,381
203,1,214,812,348,584,243,896,858,996,462,653,699,774,342,95,763,454,152,86
204,0,477,988,696,597,766,642,931,730,538,299,872,702,157,563,361,203,886,428
205,0,774,339,873,128,305,576,912,962,5,886,188,702,674,272,784,291,461,501
206,1,83,301,454,58,872,665,185,200,637,615,739,429,198,797,598,237,732,236
207,0,28,694,568,863,226,523,637,685,361,200,54,884,634,931,141,346,166,646
208,0,440,374,628,753,659,679,919,709,575,674,524,713,728,75,792,268,68,36
209,3,692,169,960,988,672,401,390,992,247,343,364,796,107,658,249,268,721,74
210,0,713,996,141,933,258,458,581,613,403,99,95,93,714,872,318,706,26,803
211,0,557,430,825,465,5,386,12,946,263,636,410,811,142,826,489,175,209,839
212,1,218,132,65,421,274,812,7,340,365,75,558,324,697,96,932,935,389,649
213,1,768,199,339,39,798,197,22,969,564,778,190,438,48,331,432,207,614,177
214,1,791,215,620,896,29,59,928,390,956,800,542,571,13,107,89,19,564,728
215,1,200,970,870,828,438,940,325,196,410,146,693,586,932,691,371,926,963,12
216,1,267,57,954,428,21,344,936,773,866,134,863,556,567,8,524,419,45,275
217,4,563,815,371,557,987,979,742,760,537,963,167,228,292,91,694,512,929,502
218,5,51,644,204,499,187,92,910,23,767,864,715,542,735,446,161,932,254,7
219,1,241,596,809,10,513,881,735,15,883,222,869,297,337,667,657,184,93,911
220,1,629,958,380,558,440,555,923,503,403,559,239,711,86,834,983,180,824,937
221,1,258,902,492,652,647,358,223,280,934,973,400,175,153,684,526,368,197,832
222,1,162,367,207,684,979,502,44,801,456,485,235,373,506,408,352,21,894,640
223,0,425,590,674,743,169,249,231,806,15,714,168,846,71,30,129,26,657,321
224,0,213,372,351,225,121,768,343,593,682,425,657,434,764,916,928,531,829,927
225,4,773,211,216,429,342,909,962,920,465,671,15,903,897,300,612,258,914,767
226,1,299,606,15,481,824,521,568,271,202,969,316,979,995,336,108,993,374,822
227,0,936,216,211,914,644,63,513,242,521,781,5,550,766,468,966,102,649,225
228,0,796,559,613,353,553,67,958,463,327,374,4,854,485,527,980,752,658,936
229,0,109,579,562,884,876,253,563,558,16,212,843,84,763,86,650,822,85,898
230,3,778,703,501,433,267,633,376,726,256,860,156,263,163,381,400,537,807,770
231,1,122,111,975,488,196,56,156,351,129,464,371,973,255,211,809,795,358,582
232,1,422,40,870,256,985,615,969,895,119,271,686,875,177,998,692,892,665,234
233,1,540,199,154,703,918,697,375,538,914,142,840,186,691,958,36,667,992,823
234,1,564,36,352,134,811,980,570,528,481,286,355,927,942,195,379,377,272,937
235,1,65,687,955,297,465,392,830,696,865,812,505,576,571,547,517,677,494,732
236,0,910,714,892,848,52,462,961,170,32,425,76,480,381,237,125,978,341,772
237,1,350,645,704,766,210,477,78,461,480,932,131,803,435,445,805,699,349,856
238,5,54,560,215,946,520,124,23,4,970,56,910,929,392,821,589,886,605,394
239,1,869,948,373,910,775,5,53,593,988,938,439,112,121,15,604,515,343,953
240,0,191,113,377,941,909,528,833,884,759,44,533,348,661,929,241,795,946,419
241,0,490,245,345,733,765,462,113,68,341,941,998,423,533,564,554,965,626,63
242,1,287,680,575,77,419,807,457,811,852,539,787,776,148,120,876,754,344,771
243,1,947,113,481,214,346,295,88,824,321,981,650,967,251,907,409,989,328,720
244,0,392,747,558,897,410,672,55,345,91,68,521,793,630,651,253,903,199,499
245,1,3,280,119,669,591,403,696,407,818,440,500,465,838,156,563,627,851,116
246,1,330,761,141,278,617,435,23,369,765,799,386,678,312,735,8,597,949,238
247,1,44,256,160,707,404,906,447,14,215,559,550,269,691,893,442,452,74,5
248,1,71,890,386,914,190,967,330,510,101,578,60,353,872,228,623,600,224,954
249,1,343,785,751,81,595,14,624,592,474,156,171,570,178,506,103,232,711,405
250,1,733,479,303,864,215,160,831,372,376,132,285,465,655,73,365,412,272,480
251,1,538,3,247,255,480,947,360,120,320,520,648,89,583,555,824,9,944,935
252,1,369,602,425,683,878,386,311,423,768,198,115,873,253,967,729,229,358,762
253,0,432,749,671,551,716,174,690,460,16,66,797,616,210,105,522,256,587,583
254,1,282,71,754,952,247,222,430,774,455,225,280,780,943,524,397,33,501,351
255,0,406,411,980,89,694,241,328,196,496,3,193,204,279,458,844,504,582,165
256,3,721,333,860,871,869,82,665,885,97,559,128,697,210,152,774,547,507,619
257,0,222,894,62,164,768,236,340,929,821,606,42,231,76,966,674,698,124,968
258,1,951,339,55,214,375,501,561,792,348,551,940,657,858,645,44,130,612,328
259,1,561,199,514,699,508,217,974,190,612,903,847,313,371,952,676,230,21,333
260,1,26,894,76,910,417,195,811,816,926,160,261,745,836,498,157,603,758,479
261,0,815,216,400,992,184,513,132,541,202,898,16,109,402,391,88,901,280,974
262,1,626,666,585,521,294,25,832,747,580,265,357,662,35,537,398,456,657,324
263,1,567,231,111,72,686,290,479,240,291,392,610,411,488,41,724,125,144,466
264,1,439,478,87,637,480,963,141,120,164,695,425,577,368,485,625,258,884,617
265,1,917,314,327,132,353,229,407,760,283,442,128,548,352,348,927,245,816,597
266,1,535,626,963,442,390,472,159,648,651,454,574,669,725,588,426,664,673,928
267,1,187,962,624,746,178,960,413,135,786,822,417,728,915,484,386,882,277,616
268,1,557,653,804,259,594,488,676,406,896,486,310,975,255,898,616,834,970,187
269,1,94,711,989,174,720,908,157,110,205,734,549,441,336,519,874,999,415,320
270,3,944,824,806,716,664,211,642,546,206,409,115,616,421,943,523,44,212,498
271,1,610,624,890,91,637,667,566,784,842,361,126,526,832,669,24,295,900,478
272,0,33,480,643,326,239,938,88,103,725,19,620,794,674,734,460,943,981,893
273,0,407,7,474,171,715,807,85,499,682,594,227,700,934,193,512,500,84,750
274,1,914,684,569,923,856,50,173,400,930,527,644,621,616,337,689,18,656,897
275,1,133,441,794,557,708,518,134,263,960,329,524,239,706,130,710,529,63,190
276,0,107,89,30,311,770,597,333,14,600,676,699,801,411,779,942,137,68,267
277,1,23,369,340,970,429,815,269,94,825,337,140,827,264,622,362,929,658,177
278,0,179,295,998,785,385,740,539,242,89,817,161,44,437,55,133,687,712,524
279,1,557,127,679,798,762,987,108,333,982,551,524,795,952,490,363,646,177,569
280,0,693,29,175,409,981,404,30,142,295,501,705,699,89,605,257,482,434,242
281,0,724,419,430,775,42,324,48,80,259,414,217,880,447,769,242,219,393,912
282,0,176,728,23,899,799,756,959,647,462,806,489,126,422,116,581,144,132,469
283,0,959,845,82,790,401,108,318,627,347,755,469,758,670,412,613,66,219,757
284,1,580,100,412,536,910,76,655,18,409,782,790,768,267,375,732,277,451,748
285,1,113,951,350,623,517,946,385,629,416,276,857,448,339,651,993,551,353,642
286,1,448,800,597,525,870,368,370,477,491,411,793,38,47,479,355,815,255,122
287,1,245,222,565,291,455,176,218,952,223,945,635,800,268,518,170,439,306,79
288,0,616,69,828,305,581,264,634,130,442,793,627,183,295,353,571,73,147,833
289,0,178,477,563,928,250,173,921,768,613,314,3,467,680,520,825,924,435,775
290,1,871,533,762,496,970,851,887,46,845,114,996,437,619,255,416,447,261,87
291,1,8,921,501,386,128,591,157,316,635,513,296,802,198,172,180,938,243,249
292,0,341,959,71,642,168,409,693,751,498,512,899,336,917,4,784,260,705,424
293,0,951,830,462,97,338,821,347,99,991,24,818,601,120,593,109,283,879,476
294,3,176,187,656,772,761,771,906,332,303,749,633,703,60,583,32,532,625,121
295,1,266,35,916,698,309,500,790,773,460,24,758,925,485,36,947,608,497,535
296,0,983,783,679,688,94,734,902,474,464,875,233,932,287,301,482,724,730,486
297,0,995,986,899,199,936,582,579,812,382,708,696,802,673,1,792,395,715,275
298,1,316,445,868,467,48,264,341,558,470,307,896,91,657,951,849,837,435,613
299,1,628,353,87,889,720,541,376,878,634,142,465,877,653,95,425,667,910,685
300,1,951,495,658,206,122,256,68,552,162,377,668,74,415,763,83,215,914,587
301,1,296,999,100,658,813,654,614,181,866,998,613,473,886,63,33,71,651,355
302,0,662,383,82,891,298,471,476,47,459,497,561,365,460,996,742,922,133,739
303,1,991,1,117,982,688,326,606,846,693,706,4,739,235,642,997,741,689,194
304,1,556,387,402,76,780,501,719,768,465,187,331,122,313,54,284,168,638,833
305,3,766,104,682,166,630,225,28,825,498,211,525,677,484,133,871,129,932,281
306,0,747,219,165,969,116,522,953,909,452,775,39,355,639,43,335,356,995,11
307,1,296,443,505,184,801,935,765,744,907,922,97,88,152,274,350,770,618,867
308,1,498,793,468,81,659,695,3,14,70,916,579,60,864,924,438,759,425,153
309,1,58,70,152,570,92,80,456,128,479,954,267,999,826,853,254,880,265,685
310,0,114,318,723,820,527,517,62,857,220,867,930,602,373,795,868,131,900,524
311,1,264,849,337,379,112,979,899,721,543,401,478,479,709,335,715,24,168,890
312,0,752,663,587,868,818,16,973,234,36,687,538,934,370,56,297,948,278,540
313,0,561,119,997,56,654,863,965,342,17,85,773,854,308,874,0,574,604,65
314,1,584,214,35,570,928,437,916,339,21,995,219,277,484,370,887,557,833,726
315,0,274,429,821,378,798,45,420,432,569,369,600,552,668,859,58,237,260,550
316,1,40,927,957,261,923,408,283,486,111,539,906,476,912,631,203,82,709,109
317,0,385,610,304,865,42,348,207,291,480,560,498,630,393,966,670,702,373,503
318,1,619,765,940,369,488,287,750,720,884,105,283,127,340,362,153,939,177,745
319,0,798,91,226,197,860,816,935,74,570,459,891,747,359,429,667,759,965,422
320,1,559,613,815,717,275,870,515,683,495,380,597,662,75,691,177,285,416,57
321,1,687,411,531,278,603,48,875,857,199,783,551,539,613,662,590,61,695,14
322,1,583,650,50,31,301,527,603,936,895,466,732,186,346,41,793,228,398,372
323,5,210,433,801,246,196,359,855,63,476,230,315,109,666,4,381,985,719,519
324,1,572,854,994,610,885,229,449,500,738,309,704,462,960,384,788,941,787,123
325,4,916,391,837,430,679,972,841,338,30,130,505,646,394,23,796,824,98,63
326,1,342,677,539,684,264,780,111,54,787,496,825,904,732,588,778,935,434,610
327,0,797,660,565,77,990,871,400,231,536,742,70,134,781,36,552,366,506,465
328,1,639,823,553,644,677,169,231,777,960,517,60,571,641,133,761,32,824,406
329,3,860,6,736,556,792,294,683,293,983,585,179,550,373,718,909,289,18,281
330,5,596,705,828,822,471,155,797,946,970,780,469,466,23,933,38,698,639,368
331,0,727,679,144,687,46,965,688,979,996,937,397,815,505,800,726,874,129,978
332,0,644,571,529,470,581,945,346,486,934,781,114,378,612,627,446,557,77,315
333,0,410,684,646,524,500,608,221,981,715,198,375,986,880,204,810,57,900,349
334,0,788,497,718,588,141,815,860,330,906,792,599,329,280,941,999,470,18,26
335,0,418,821,28,492,651,304,369,570,315,123,27,438,701,139,552,621,347,293
336,0,717,721,746,757,253,95,811,147,440,214,464,895,864,986,260,941,453,975
337,1,101,87,882,515,293,205,379,469,599,207,654,316,695,489,234,496,879,280
338,0,661,552,347,466,892,10,37,579,764,449,359,147,194,999,63,17,957,228
339,1,135,143,672,834,724,693,253,128,618,865,56,887,23,250,75,648,401,255
340,1,837,981,734,971,152,622,807,149,857,389,176,782,94,767,999,273,320,208
341,1,245,783,691,556,474,138,378,662,613,991,645,414,686,799,132,829,177,831
342,0,283,304,917,26,457,725,890,104,663,578,983,500,139,320,260,239,801,741
343,1,495,409,275,412,908,47,552,86,923,895,340,852,189,166,310,411,702,377
344,0,483,212,347,961,469,573,182,150,266,333,311,126,189,40,217,162,349,752
345,0,365,804,232,298,941,120,746,429,508,602,802,123,830,567,957,684,23,222
346,1,307,545,138,431,323,304,565,864,957,737,499,526,368,471,9,579,190,327
347,3,261,527,270,952,342,200,695,627,472,406,659,817,99,386,425,441,84,579
348,1,745,746,648,358,207,932,912,43,536,722,830,953,816,728,365,917,952,148
349,3,293,804,533,320,163,425,44,856,252,597,233,386,651,711,504,328,712,454
350,1,329,895,466,813,352,607,188,216,816,540,488,491,290,584,592,976,724,418
351,1,377,15,636,108,798,100,18,846,635,639,605,966,896,559,280,293,435,189
352,0,9,303,593,66,679,426,253,505,13,857,957,900,41,843,465,163,325,230
353,1,549,388,19,51,195,471,366,747,879,642,917,89,868,318,91,921,808,478
354,0,307,967,116,751,890,963,605,884,121,596,76,194,485,337,23,730,476,184
355,1,88,527,689,218,369,838,779,266,2,363,505,350,249,553,519,800,174,423
356,1,340,174,713,503,714,970,418,847,374,204,93,917,370,704,560,336,581,660
357,1,928,888,972,349,609,416,854,823,761,955,578,879,670,265,904,829,946,753
358,1,404,727,176,661,616,807,40,886,30,588,80,997,878,757,833,595,870,744
359,1,2,760,262,720,459,506,957,696,870,830,294,157,911,597,975,438,269,101
360,1,493,961,792,57,851,700,513,878,582,16,855,805,618,336,714,91,959,989
361,0,584,308,295,137,832,165,481,398,628,912,490,773,781,195,521,373,931,780
362,0,895,55,510,502,703,308,340,890,77,769,497,312,254,802,134,184,672,494
363,5,512,712,126,452,479,367,850,279,610,705,601,74,79,345,543,371,763,283
364,0,170,463,998,295,931,412,518,309,597,167,66,545,2,28,553,881,714,243
365,1,21,119,799,579,588,301,947,56,260,115,561,596,775,703,341,121,303,995
366,0,355,225,668,852,156,110,897,459,31,123,758,334,523,330,765,297,526,620
367,1,122,871,123,683,95,490,994,30,0,321,111,51,869,657,199,594,533,80
368,1,736,36,978,343,769,288,716,818,18,225,889,334,910,398,470,887,24,505
369,3,394,579,597,132,96,951,49,402,485,548,437,941,7,711,817,697,765,780
370,1,539,994,848,745,853,900,51,244,479,689,228,298,834,695,920,187,564,168
371,0,158,80,839,662,853,396,696,268,990,84,519,942,308,880,910,908,209,896
372,0,769,456,213,551,971,462,507,221,201,666,173,255,736,96,70,108,573,87
373,1,983,708,130,855,476,135,207,981,556,904,724,425,884,661,739,69,563,573
374,0,872,283,372,525,135,462,577,297,240,241,993,528,232,930,874,505,290,47
375,1,361,895,422,562,830,563,648,991,872,148,230,93,456,442,220,989,861,622
376,1,521,347,410,976,334,660,385,307,840,620,221,86,55,979,244,384,968,471
377,1,888,403,309,789,718,469,517,374,454,854,599,121,825,210,589,209,869,846
378,1,29,314,239,992,943,985,207,643,889,993,780,188,254,324,634,744,134,600
379,1,364,690,6,307,579,412,118,298,3,411,586,867,56,928,445,461,140,761
380,2,299,604,22,46,547,963,345,467,876,45,304,831,275,691,217,573,734,733
381,1,676,201,662,55,277,244,41,328,336,829,285,386,1,249,447,892,58,146
382,1,110,236,627,43,365,451,178,161,511,725,112,189,633,719,216,194,538,688
383,1,732,244,23,504,267,749,515,499,112,11,214,715,66,457,713,661,334,192
384,1,121,959,814,534,302,792,808,405,333,869,331,965,134,29,543,576,940,896
385,1,697,111,656,888,226,300,831,70,982,572,383,315,866,222,72,221,991,536
386,1,865,346,455,674,446,692,482,379,156,890,351,65,721,902,748,578,616,932
387,1,807,81,460,957,925,619,493,210,964,887,787,350,419,89,904,390,397,875
388,1,780,812,407,272,154,783,949,915,71,592,606,320,960,0,174,573,18,199
389,1,804,274,198,341,825,316,264,953,906,661,109,767,625,369,659,614,595,1
390,1,260,726,556,684,302,756,491,914,430,506,685,954,838,141,203,64,352,719
391,1,869,336,805,493,206,748,285,272,446,228,567,703,474,282,224,148,98,172
392,0,977,789,67,962,78,593,968,802,273,927,972,892,250,564,831,111,6,661
393,1,943,532,782,714,835,848,815,805,528,217,198,928,460,335,42,569,210,134
394,1,390,439,861,773,468,523,741,165,332,699,366,816,652,916,868,201,70,731
395,1,139,660,642,571,574,141,483,323,363,799,324,985,597,927,649,422,846,790
396,3,470,265,966,627,823,240,241,364,280,761,218,542,545,917,760,709,686,534
397,0,54,109,285,936,346,11,616,834,813,856,683,867,623,281,559,289,746,385
398,1,508,675,425,270,858,11,86,400,464,80,526,479,91,765,775,344,612,327
399,0,32,876,415,985,483,578,211,945,342,790,382,785,591,387,335,433,878,196
400,1,794,164,384,972,536,872,178,209,879,652,600,711,900,145,935,944,427,592
401,2,680,978,453,792,428,390,482,483,692,1,504,444,853,569,366,907,664,84
402,0,153,27,61,585,978,309,125,725,170,270,281,380,662,292,479,119,517,279
403,3,546,908,966,675,188,720,765,644,99,538,615,156,576,50,46,306,248,903
404,1,789,816,48,702,59,850,16,127,30,438,229,265,635,494,317,687,230,393
405,3,825,747,847,441,569,276,883,97,495,367,679,864,700,379,947,173,646,326
406,0,179,971,372,19,581,243,33,931,985,599,213,562,83,667,825,166,567,476
407,3,714,871,862,204,692,71,967,261,135,319,625,409,711,379,318,294,831,296
408,1,993,388,934,322,761,866,733,655,682,986,221,311,801,668,81,506,179,26
409,0,292,711,190,615,377,700,332,511,753,278,639,666,894,170,400,925,916,624
410,1,757,516,494,559,767,764,879,820,82,689,687,629,668,65,127,643,498,672
411,1,330,491,996,995,694,959,573,101,17,337,371,154,919,518,709,6,89,816
412,4,298,162,674,996,124,157,577,917,789,426,856,447,830,691,62,628,953,2
413,1,383,474,731,928,689,599,876,425,162,820,155,203,540,897,235,483,435,792
414,1,629,174,906,405,190,138,781,933,559,166,299,613,53,0,744,678,729,310
415,0,759,972,98,729,797,848,103,765,760,356,275,920,637,330,550,129,56,732
416,4,51,550,6,464,27,896,557,568,555,579,140,696,183,162,126,484,102,572
417,5,262,230,478,472,158,52,488,586,391,940,58,670,44,715,384,118,77,199
418,0,422,596,96,13,726,238,536,54,800,858,293,110,958,25,165,305,477,151
419,5,777,575,184,613,431,614,92,526,493,203,54,338,961,763,388,501,38,99
420,1,705,781,840,832,361,316,150,541,337,943,769,700,898,452,631,681,148,374
421,0,389,744,952,927,784,177,724,11,969,416,783,616,300,391,450,3,738,702
422,1,242,226,749,520,856,571,240,567,462,395,532,696,694,101,621,211,63,979
423,0,235,365,832,202,19,639,515,367,440,614,820,159,173,208,543,305,260,696
424,1,715,541,649,737,839,251,791,157,870,634,191,414,217,381,490,92,851,537
425,1,557,293,307,842,617,194,143,845,296,791,108,800,385,620,55,356,483,861
426,1,655,585,889,207,296,860,544,171,891,218,984,493,96,364,689,717,106,788
427,0,900,390,133,444,380,533,523,94,34,927,786,866,349,422,531,714,840,610
428,0,357,58,441,759,936,861,230,120,188,566,585,701,943,38,417,650,805,332
429,1,866,120,102,134,173,51,210,313,161,123,829,769,26,82,221,792,245,584
430,0,796,578,800,217,629,632,207,103,624,154,671,965,902,776,772,876,591,76
431,1,424,836,190,679,500,132,770,91,393,975,681,174,877,255,667,516,809,176
432,1,964,874,356,405,861,607,817,193,308,369,339,34,260,20,69,229,610,163
433,1,208,9,337,136,335,923,431,289,645,246,448,310,77,829,530,732,576,919
434,4,773,147,294,907,898,856,538,857,306,517,309,598,993,702,123,543,436,151
435,2,374,790,284,582,649,807,301,973,769,153,805,979,102,101,772,707,500,361
436,1,862,40,917,609,411,693,31,331,845,707,462,264,722,575,865,58,496,181
437,1,592,814,200,343,531,387,823,748,55,846,266,238,752,580,761,586,423,106
438,1,893,658,708,4,651,818,968,149,629,469,657,997,471,155,26,860,761,790
439,0,438,756,27,915,199,744,487,208,621,953,163,831,234,125,333,339,637,317
440,3,339,925,866,657,467,624,639,570,606,224,464,383,894,36,772,241,18,296
441,0,688,807,572,573,658,564,498,677,296,243,719,466,741,111,779,328,137,720
442,1,909,900,49,925,160,942,282,125,958,478,617,239,349,254,475,993,256,490
443,0,326,670,626,518,661,125,82,192,166,380,823,234,330,700,191,359,480,795
444,1,396,636,41,124,99,541,198,237,612,491,48,230,512,689,328,477,403,870
445,1,898,255,361,511,172,41,347,452,540,185,134,700,611,636,675,818,5,62
446,1,3,830,533,252,677,731,230,38,293,914,690,870,407,553,290,970,514,295
447,1,864,144,112,638,608,921,311,43,962,149,713,335,2,233,390,103,302,280
448,4,835,916,891,63,71,276,330,292,436,810,11,492,654,762,303,647,981,103
449,1,412,903,272,356,465,336,888,685,673,527,161,626,492,140,495,278,835,961
450,0,629,571,429,897,24,64,437,976,100,122,406,702,505,762,945,835,650,614
451,0,915,294,694,553,161,995,498,102,284,82,457,370,401,474,604,935,485,46
452,1,867,27,521,716,256,470,922,15,46,252,70,472,205,613,460,708,192,124
453,0,964,383,791,143,198,790,55,29,387,397,610,815,933,314,445,123,533,578
454,0,796,596,252,744,362,248,299,11,139,211,190,212,267,30,688,587,346,588
455,0,506,22,492,911,121,497,436,410,449,937,544,166,504,385,372,0,704,186
456,0,732,312,320,916,440,706,388,936,317,53,725,301,898,260,522,190,409,723
457,1,583,392,397,556,101,426,901,82,726,45,915,463,250,89,551,802,949,933
458,0,364,597,327,18,572,608,210,178,380,991,881,371,796,610,12,766,352,66
459,1,250,828,554,820,258,515,456,990,818,568,465,579,551,421,96,366,400,799
460,3,721,648,346,665,606,58,228,246,490,942,57,111,578,271,117,811,763,11
461,1,25,512,622,538,942,693,89,295,94,437,607,116,937,784,996,965,370,365
462,1,445,495,257,239,368,899,752,12,646,308,128,612,789,414,130,300,879,627
463,0,107,182,2,404,686,87,877,662,110,71,765,552,426,727,416,443,926,678
464,1,591,508,500,719,985,149,556,999,28,435,695,562,87,274,366,175,623,540
465,1,908,405,485,175,569,407,149,645,606,339,379,898,305,222,59,37,200,165
466,4,678,351,871,192,131,546,355,968,846,95,883,818,890,700,136,961,614,925
467,1,202,158,374,193,781,87,48,704,546,494,409,869,215,431,703,475,863,753
468,1,536,113,633,645,899,646,58,623,321,679,158,287,392,93,511,294,837,366
469,1,840,845,217,531,653,299,978,196,3,110,847,715,194,153,639,431,554,411
470,1,984,862,521,459,656,936,85,417,524,200,418,503,356,349,268,402,676,915
471,1,916,788,625,957,775,953,267,726,418,446,879,319,973,565,48,784,356,44
472,1,46,449,492,56,567,491,521,485,17,800,518,876,119,696,934,172,770,252
473,1,960,795,684,348,311,855,698,799,975,123,596,590,86,457,90,22,484,292
474,1,258,953,92,531,7,794,698,529,242,127,808,350,764,848,77,776,241,933
475,1,196,794,173,156,39,30,109,413,111,421,18,489,56,266,287,29,719,356
476,1,739,401,170,384,273,269,820,213,630,3,617,399,413,835,737,80,514,898
477,1,924,235,58,268,240,74,233,819,794,957,479,827,442,813,818,25,56,460
478,1,845,575,508,632,364,115,279,639,533,109,521,862,227,629,808,289,430,275
479,0,904,857,321,539,607,550,40,338,505,958,700,820,840,335,951,500,509,618
480,1,442,877,629,818,165,133,488,281,776,510,368,387,393,193,817,686,277,926
481,0,974,456,136,575,428,582,838,178,341,987,846,986,629,312,923,982,455,735
482,3,837,460,2,144,485,731,174,690,251,539,895,998,433,276,21,9,632,279
483,0,177,546,527,400,465,937,579,454,960,561,1,46,684,694,480,332,962,138
484,3,689,661,810,789,701,752,466,356,246,29,828,802,391,302,134,10,178,505
485,1,597,298,709,703,205,134,930,565,46,75,861,674,501,603,60,493,281,884
486,1,437,259,305,193,723,30,677,647,473,436,470,939,233,39,57,401,659,810
487,0,77,225,1,125,911,501,489,388,198,959,470,52,750,398,927,490,132,848
488,0,211,896,153,965,574,41,311,73,55,225,725,393,208,770,895,100,175,388
489,1,998,952,311,783,547,139,717,171,216,799,508,867,560,0,236,881,102,650
490,1,599,356,0,750,216,438,245,558,496,649,237,945,50,883,431,185,458,114
491,0,360,141,868,303,335,901,564,469,125,751,195,936,395,961,990,374,903,776
492,1,606,910,265,469,732,724,495,320,439,950,307,128,552,610,330,131,625,719
493,0,198,95,200,890,961,4,744,874,483,212,568,193,894,304,879,473,489,684
494,0,575,982,599,121,206,136,17,116,581,439,329,776,72,463,270,383,649,203
495,1,436,275,569,92,235,72,639,912,292,730,940,704,891,489,166,470,39,582
496,1,633,80,325,386,957,833,351,101,53,963,90,954,165,596,311,914,651,898
497,0,925,493,923,498,776,188,258,711,129,443,82,727,418,697,981,223,151,94
498,1,347,437,195,179,57,706,689,288,100,181,770,75,265,722,509,892,734,445
499,0,33,573,924,344,532,292,606,501,327,620,146,203,104,898,627,772,89,496
500,1,451,982,394,834,109,172,773,353,44,925,280,411,45,480,31,956,482,433
501,1,973,231,757,216,34,198,987,266,475,355,405,815,860,131,204,292,399,719
502,1,892,186,485,415,301,598,149,871,107,813,455,161,510,883,767,884,96,441
503,0,364,55,432,630,817,912,323,573,351,105,197,739,63,173,463,796,818,949
504,0,259,262,424,64,713,812,170,332,325,697,622,246,265,389,627,647,238,413
505,1,305,854,291,90,407,812,373,358,798,554,232,517,229,452,684,929,616,453
506,1,617,682,799,231,29,148,200,824,706,708,840,65,883,420,357,786,605,968
507,1,812,497,139,392,850,827,626,243,993,725,310,29,3,656,698,146,327,483
508,5,928,324,956,128,903,876,740,491,503,327,91,124,616,325,154,778,898,242
509,1,759,399,585,165,777,181,641,512,523,110,840,842,103,255,543,12,2,703
510,0,688,887,944,698,928,974,786,563,34,59,159,389,260,616,555,842,9,565
511,1,898,440,212,199,972,316,921,862,156,701,198,206,90,360,419,405,782,456
512,0,57,287,788,108,596,634,256,404,862,816,130,625,782,777,70,835,365,372
513,0,466,887,713,56,309,644,371,405,324,826,367,639,231,299,393,967,321,222
514,0,397,106,664,575,587,151,621,622,864,573,865,83,959,817,765,808,777,352
515,1,912,27,153,361,548,51,404,506,999,856,381,144,173,455,648,539,943,251
516,1,762,308,416,839,617,900,417,176,236,502,187,897,252,860,972,271,598,875
517,0,207,414,477,201,38,535,888,568,245,343,48,396,729,241,11,946,331,668
518,1,22,33,385,663,554,884,198,761,638,41,982,833,626,722,179,825,856,134
519,0,65,316,284,159,337,818,295,198,209,675,26,607,384,984,269,775,974,23
520,1,57,235,840,137,635,590,381,617,544,734,950,626,74,103,719,303,426,447
521,1,762,858,680,10,835,220,479,22,497,115,808,970,861,693,629,366,848,690
522,1,295,140,422,218,822,374,669,889,813,556,765,503,203,259,833,958,106,145
523,0,512,202,83,77,328,170,351,645,449,476,291,754,314,10,842,845,550,706
524,1,972,729,661,453,648,454,631,723,469,751,237,642,419,458,776,148,99,677
525,0,462,388,572,138,623,343,899,994,329,565,140,248,291,296,810,836,466,602
526,5,917,424,675,276,445,937,596,773,152,217,375,459,33,174,78,837,508,411
527,1,451,371,550,204,574,616,463,149,34,799,23,524,491,824,922,460,901,457
528,1,772,948,304,647,630,7,245,156,611,288,527,743,560,355,792,21,624,112
529,1,403,27,628,620,346,376,296,5,64,78,486,784,237,876,937,694,724,411
530,1,939,225,140,89,956,149,611,14,966,783,350,906,730,582,291,597,30,128
531,0,744,591,340,510,673,443,458,997,33,672,395,506,803,439,466,786,266,884
532,0,603,169,232,507,894,587,962,745,107,3,847,309,994,715,999,832,216,106
533,1,688,145,644,390,123,744,88,615,603,776,7,689,283,876,754,824,937,784
534,0,793,638,60,404,676,748,429,430,839,85,541,653,333,294,877,778,587,0
535,0,162,839,326,903,807,915,554,260,537,439,346,10,633,270,126,744,105,341
536,1,453,784,179,924,488,42,632,261,556,122,420,357,803,373,724,857,759,10
537,1,588,513,460,654,698,178,268,391,43,749,602,59,998,985,770,525,519,756
538,1,87,674,808,214,99,942,633,51,559,667,292,762,848,303,362,556,241,119
539,0,852,149,952,826,600,980,703,268,574,529,207,105,54,169,321,150,902,26
540,1,468,501,177,241,709,127,744,168,903,232,718,321,707,547,740,542,323,642
541,1,50,345,53,591,94,365,220,693,311,485,679,477,501,956,737,661,802,862
542,0,654,311,687,880,347,3,2,515,820,888,650,330,934,830,479,740,206,525
543,1,202,319,998,310,898,231,448,518,903,342,479,16,794,940,453,728,938,928
544,1,867,874,181,553,848,34,539,350,784,940,764,134,817,585,582,74,288,955
545,0,871,939,165,493,726,779,609,378,262,920,171,835,658,636,709,632,119,962
546,0,771,418,863,271,384,801,288,645,730,183,284,204,977,53,101,929,394,796
547,1,592,165,995,57,855,145,865,611,158,874,101,364,524,50,889,746,15,579
548,0,406,696,900,986,488,952,174,367,676,13,590,637,766,997,291,791,455,839
549,1,998,243,274,828,859,428,718,775,282,776,913,45,997,661,203,732,968,313
550,5,955,902,130,954,809,158,805,824,19,167,504,606,744,17,975,135,629,951
551,4,141,527,736,692,384,43,848,751,234,758,907,274,361,325,560,169,337,529
552,1,136,323,961,998,485,60,230,659,12,555,20,591,367,903,114,32,666,896
553,1,493,154,302,213,334,277,632,679,761,313,478,730,77,703,27,205,801,321
554,1,693,830,114,681,992,552,768,99,770,264,75,602,363,30,805,182,648,647
555,0,512,270,603,924,622,120,818,642,713,774,925,553,731,328,987,817,140,300
556,1,765,509,383,432,574,935,208,604,117,359,439,238,626,745,785,619,603,955
557,1,293,278,403,584,808,242,966,927,103,660,445,217,63,840,265,502,419,344
558,1,960,181,537,445,467,231,927,889,787,769,896,176,248,325,502,982,657,73
559,1,900,231,866,807,160,337,168,949,475,236,113,409,118,795,208,948,736,656
560,1,718,811,851,762,783,90,221,728,228,472,457,48,362,970,822,824,734,797
561,1,750,767,408,623,724,261,927,52,840,499,375,735,543,554,108,230,800,290
562,1,605,8,372,447,637,215,589,368,984,21,531,264,68,522,982,178,613,861
563,0,961,479,33,746,110,699,844,130,742,885,574,111,608,917,108,167,481,485
564,1,563,856,864,728,241,60,568,909,532,975,255,988,738,558,314,176,480,722
565,1,273,361,434,548,30,550,137,723,801,191,60,553,125,525,5,462,654,628
566,1,968,413,529,288,553,565,863,977,488,567,854,704,983,590,274,238,923,414
567,1,256,626,525,445,89,764,74,341,957,975,301,871,981,515,869,669,519,414
568,4,756,646,149,614,856,544,97,240,447,65,451,956,696,403,763,42,757,320
569,1,178,831,826,286,139,106,182,514,475,115,593,213,487,328,919,783,797,298
570,0,790,117,575,597,531,50,114,365,684,623,994,323,499,67,132,156,843,704
571,0,507,791,914,526,1,546,383,274,118,8,740,974,884,819,238,794,226,523
572,0,568,372,434,573,326,473,132,981,161,8,105,291,970,455,364,66,250,68
573,0,273,102,148,444,188,521,210,825,239,524,620,918,569,80,851,110,800,680
574,1,69,614,693,198,314,635,341,140,319,815,493,792,436,491,860,793,557,55
575,1,955,346,628,878,595,418,46,304,654,189,583,165,421,531,160,983,768,657
576,1,694,263,739,286,204,367,924,668,12,412,601,297,977,532,930,697,960,65
577,1,986,653,130,655,149,309,138,990,117,535,611,781,866,762,523,428,153,855
578,1,906,916,469,77,510,247,227,582,698,464,778,358,701,278,904,687,704,706
579,1,644,75,105,373,865,871,503,480,141,29,294,293,271,616,24,991,50,38
580,3,669,829,487,195,33,882,243,237,942,791,240,782,943,888,488,841,491,847
581,1,554,857,324,444,71,646,500,129,623,359,548,650,753,765,352,915,620,309
582,1,153,528,156,388,786,882,943,96,68,174,384,318,452,760,266,336,877,598
583,1,138,476,295,434,115,818,932,11,465,337,527,307,565,34,403,339,739,973
584,3,602,566,879,565,695,949,817,721,230,869,550,290,113,506,170,583,709,848
585,0,122,879,388,554,523,560,889,43,769,551,132,340,239,238,657,589,682,511
586,0,274,873,500,3,330,802,104,170,378,128,259,975,292,663,153,820,827,307
587,0,267,137,77,828,369,594,563,634,257,979,373,298,902,999,425,278,30,478
588,1,449,261,132,122,241,769,981,38,734,180,923,372,356,66,789,866,213,739
589,3,603,976,330,877,470,622,249,98,136,854,186,433,755,617,584,462,164,425
590,0,601,320,626,20,474,76,908,29,382,918,719,466,966,73,889,133,192,476
591,1,831,939,408,775,636,672,806,841,327,880,74,865,742,765,666,183,516,675
592,1,952,684,500,245,550,448,0,696,653,282,640,997,892,191,11,783,669,780
593,1,968,75,282,300,257,844,545,333,988,774,431,488,429,491,587,90,279,443
594,0,22,659,563,56,899,338,949,936,882,958,478,482,672,351,345,183,865,738
595,0,457,957,872,449,46,670,536,518,27,724,509,204,949,487,875,256,474,235
596,1,448,604,984,998,232,588,610,768,624,860,380,437,434,846,966,670,667,974
597,1,858,974,881,893,264,399,157,627,504,828,573,913,43,133,14,760,310,346
598,1,176,833,975,926,49,0,430,362,823,714,890,140,961,636,777,524,650,553
599,0,163,229,842,86,267,271,942,651,837,375,951,507,990,422,722,815,272,671
600,0,926,655,631,237,247,415,371,440,843,699,264,215,700,898,253,666,938,833
601,1,451,836,652,850,970,999,222,913,323,293,614,975,203,940,506,40,484,878
602,1,512,896,20,136,912,667,754,848,257,746,893,575,332,824,118,601,299,86
603,1,459,659,924,613,487,216,827,984,536,890,322,202,280,988,278,920,471,768
604,0,251,538,573,490,961,520,601,369,494,333,794,850,423,164,602,999,276,896
605,1,363,967,33,519,897,727,4,821,173,262,961,903,731,568,931,591,43,522
606,1,677,285,180,676,863,364,301,510,685,898,629,990,330,201,444,501,271,268
607,1,641,356,630,851,441,852,226,208,223,247,742,176,741,281,859,180,381,717
608,1,574,156,456,429,427,746,774,849,543,464,76,327,948,564,616,129,673,77
609,1,338,685,438,184,777,82,97,660,170,128,265,849,135,781,71,406,132,602
610,0,221,507,679,952,432,992,580,422,490,193,121,887,645,788,241,98,682,633
611,1,242,508,306,291,621,40,182,628,417,186,751,18,440,199,817,593,737,603
612,1,447,535,377,416,681,463,201,459,999,632,873,458,516,659,573,753,415,272
613,3,600,678,143,730,255,237,259,125,954,957,526,981,129,5,392,123,490,973
614,0,604,136,32,651,330,102,585,304,794,424,263,24,736,264,707,496,968,911
615,1,984,724,855,343,778,191,487,839,935,73,924,541,943,829,25,754,204,686
616,1,591,656,70,804,811,491,944,671,321,849,151,342,915,436,253,216,484,259
617,1,240,636,330,910,476,959,948,132,547,433,965,977,164,845,106,111,152,156
618,4,637,675,68,202,781,966,463,798,711,126,735,190,554,761,730,836,612,138
619,4,266,100,238,224,695,38,971,788,707,595,600,50,901,930,422,920,716,969
620,1,154,361,180,292,822,391,142,978,423,165,632,368,972,929,970,776,71,863
621,3,393,998,613,333,274,553,744,74,573,283,208,422,734,481,810,70,645,383
622,1,603,934,46,758,589,937,341,585,530,632,417,349,620,380,107,431,512,374
623,1,872,475,941,537,713,193,326,228,426,831,964,358,752,976,723,782,583,669
624,0,765,639,194,422,998,622,103,65,328,425,456,484,780,44,635,108,91,161
625,0,403,785,552,885,862,801,383,338,413,370,371,646,926,650,318,325,739,438
626,1,29,797,694,536,542,133,338,464,875,863,819,970,747,697,723,320,248,706
627,1,476,460,387,671,239,667,984,663,836,308,883,590,647,891,26,689,780,632
628,1,91,107,501,206,929,810,805,849,850,720,965,650,722,666,925,89,859,12
629,1,963,170,909,807,575,875,529,784,634,589,8,355,288,537,905,952,849,428
630,1,187,159,642,530,858,490,322,702,197,201,361,825,497,346,878,756,777,294
631,3,143,111,342,926,865,272,98,919,264,486,213,292,427,852,158,736,131,871
632,1,725,332,88,418,976,267,663,459,733,347,333,302,970,299,565,873,153,644
633,0,524,241,288,603,268,328,90,732,933,494,711,24,217,141,290,118,34,544
634,0,829,204,943,96,505,522,834,987,989,412,47,410,524,222,845,459,162,608
635,0,438,710,331,653,957,773,641,569,697,4,695,628,756,33,400,788,267,907
636,5,1,588,876,71,905,730,227,498,264,685,145,977,897,198,376,675,218,516
637,4,477,72,675,943,473,685,264,296,203,973,869,386,731,991,487,777,734,60
638,0,919,205,87,949,882,734,519,909,85,268,865,877,752,465,361,328,477,472
639,3,946,412,290,648,203,841,665,904,770,705,2,431,601,761,329,815,488,465
640,1,139,970,386,511,285,781,377,901,764,693,317,564,988,941,165,963,164,660
641,3,659,177,432,31,192,29,337,598,183,326,917,891,261,935,492,790,167,428
642,1,36,96,483,534,831,2,731,326,582,724,186,334,153,303,515,142,275,14
643,1,560,317,85,450,915,523,701,132,681,910,734,845,593,885,585,757,454,630
644,1,620,952,0,312,405,475,947,907,216,119,858,350,762,204,619,752,13,535
645,1,315,945,492,842,594,482,712,948,931,4,237,353,82,126,972,335,415,163
646,1,272,946,346,663,993,512,344,819,912,768,428,53,885,381,261,291,123,961
647,1,642,338,832,217,227,942,767,585,492,384,683,121,22,776,39,865,230,753
648,1,574,751,413,483,66,944,719,569,490,580,488,813,298,203,264,229,667,926
649,1,638,802,289,374,467,742,108,56,994,975,826,654,969,639,681,63,761,982
650,1,809,79,49,499,276,253,857,352,241,822,533,807,843,74,181,367,219,284
651,0,223,107,938,636,376,449,378,994,908,442,374,555,287,363,148,364,462,234
652,1,929,830,574,792,49,629,558,467,716,680,943,536,858,204,281,796,866,695
653,3,170,336,767,606,518,651,220,854,417,207,805,843,14,85,826,910,169,205
654,1,435,235,450,392,669,393,403,955,363,741,612,562,328,591,468,190,292,682
655,1,469,909,53,400,802,81,304,104,362,24,843,823,608,704,822,283,398,850
656,5,913,963,304,110,674,396,794,644,385,69,944,399,239,648,206,774,491,996
657,0,48,914,182,243,733,101,321,493,62,742,999,434,655,92,767,98,905,46
658,0,192,937,531,278,404,295,688,729,465,482,797,578,907,66,449,742,618,99
659,1,481,229,917,692,921,568,465,605,390,41,592,332,175,973,388,550,759,880
660,1,692,789,850,834,554,344,168,416,317,337,501,641,22,57,144,324,793,552
661,1,337,822,961,574,181,567,145,22,389,112,578,499,249,349,650,573,654,438
662,4,590,604,410,900,338,810,295,495,342,510,862,915,120,506,667,694,479,688
663,1,490,775,919,209,570,399,807,210,377,953,371,748,934,702,697,979,264,930
664,1,440,375,648,747,218,149,560,794,543,368,789,904,326,807,176,128,168,982
665,0,373,289,927,537,121,236,415,872,349,792,305,990,438,22,106,666,866,370
666,1,266,28,608,484,400,12,756,310,752,459,913,875,495,697,393,787,745,224
667,0,613,596,230,704,904,435,35,319,300,684,24,846,429,197,626,890,199,995
668,1,701,725,400,406,504,579,946,608,393,96,956,41,300,336,502,952,727,383
669,5,458,849,907,639,638,776,837,899,818,66,604,173,752,59,680,232,193,719
670,0,309,192,810,696,944,382,897,628,677,148,753,340,809,538,392,144,726,908
671,1,667,472,721,416,536,777,331,245,786,555,758,47,158,290,398,809,631,426
672,0,8,718,914,63,880,296,47,562,506,785,486,765,355,655,833,674,557,576
673,1,686,365,44,749,608,22,276,906,587,246,909,878,372,492,792,615,243,404
674,1,849,851,942,222,492,318,534,304,697,583,261,685,819,264,242,753,345,309
675,1,0,770,678,205,72,420,916,840,852,173,845,333,437,65,735,997,373,716
676,0,706,287,171,356,582,304,806,597,71,674,50,959,223,500,704,796,504,45
677,1,408,501,983,671,532,9,236,861,686,228,535,82,621,924,6,323,756,187
678,1,623,776,328,415,608,250,381,854,73,264,600,124,19,587,86,667,228,559
679,1,227,901,49,521,83,377,262,520,300,409,263,225,150,467,405,25,726,531
680,1,917,279,174,450,96,637,890,593,105,158,588,469,644,608,12,288,640,456
681,1,200,564,645,51,250,311,13,42,297,386,961,79,814,621,769,80,331,91
682,1,835,854,493,744,16,283,361,217,845,616,289,222,84,973,304,997,996,324
683,0,634,996,482,238,261,405,354,73,441,672,35,300,151,575,72,278,712,259
684,1,157,762,208,986,313,161,892,48,903,147,797,980,779,129,746,80,212,191
685,0,604,418,986,553,712,786,493,955,876,549,713,989,460,527,773,438,935,326
686,0,408,42,835,451,678,437,935,293,351,532,270,900,283,162,114,924,876,874
687,0,931,27,941,733,847,138,99,329,391,957,134,370,790,267,851,151,565,601
688,1,498,34,757,878,538,977,761,814,884,409,162,585,676,38,202,256,443,613
689,0,243,29,140,45,364,642,549,115,747,477,223,576,258,636,300,744,128,371
690,1,411,653,145,493,8,118,910,756,840,948,406,124,647,277,958,449,348,276
691,1,874,130,73,399,477,338,461,261,223,476,54,441,153,84,572,642,100,53
692,1,932,43,409,618,766,276,197,666,194,75,202,809,191,104,839,735,897,841
693,1,472,962,316,475,14,655,71,437,781,38,925,373,707,332,398,995,744,933
694,1,793,83,194,499,701,411,569,340,737,501,489,669,722,581,642,386,215,577
695,0,845,380,923,514,9,353,820,177,372,420,153,5,907,392,543,799,932,138
696,0,390,19,891,679,29,209,404,844,309,766,806,737,530,872,539,835,223,680
697,1,571,943,446,810,95,866,131,492,106,320,979,816,711,138,118,393,521,241
698,1,790,136,909,182,990,82,77,240,792,877,912,835,335,111,341,47,793,166
699,4,499,52,598,878,276,1,915,450,879,380,56,70,517,736,648,637,283,615
700,3,598,557,180,191,589,719,56,442,332,21,879,309,969,526,714,597,314,359
701,1,534,991,899,787,109,947,955,614,144,276,744,757,993,229,50,973,197,444
702,0,515,832,595,467,19,189,439,611,645,762,533,811,859,408,44,871,879,79
703,1,342,822,635,603,133,477,163,62,983,74,783,773,468,947,424,88,253,923
704,1,28,975,456,877,858,90,888,976,426,983,943,868,204,359,127,815,156,475
705,1,592,729,925,230,968,910,193,586,85,629,145,36,780,827,234,903,520,400
706,1,65,615,576,527,81,577,629,154,714,739,364,940,769,870,694,238,63,284
707,0,172,240,174,212,219,770,831,263,788,262,242,133,750,141,373,280,945,784
708,1,511,542,312,862,987,584,615,83,196,748,280,592,939,292,611,493,690,843
709,1,317,65,390,114,412,906,951,14,918,526,600,299,626,810,611,775,142,507
710,3,536,735,737,638,701,96,982,360,115,218,666,39,409,185,898,807,453,586
711,1,155,700,983,633,410,713,690,408,575,219,525,993,478,852,154,621,759,604
712,3,306,764,420,212,67,855,533,71,4,499,211,495,380,260,981,196,960,783
713,1,395,56,429,34,554,622,767,433,358,296,185,649,709,997,904,299,634,891
714,3,520,128,721,743,216,976,436,376,461,841,668,496,126,814,348,253,90,479
715,0,272,578,507,105,529,454,695,35,443,325,436,435,43,2,667,167,189,845
716,1,558,482,764,756,55,773,790,296,651,58,951,568,581,800,396,239,133,250
717,1,589,277,908,246,789,357,640,780,438,12,370,26,663,891,315,800,932,104
718,0,353,216,863,154,977,416,221,687,948,841,621,305,292,662,63,889,824,891
719,0,999,516,617,468,859,824,979,245,112,693,366,887,854,241,424,18,310,219
720,0,615,394,115,479,335,330,113,599,536,299,898,316,97,761,309,514,572,303
721,1,945,12,119,220,183,143,142,120,145,981,531,123,277,234,752,389,339,337
722,0,894,306,900,989,487,356,429,727,224,995,929,137,548,522,343,569,966,776
723,0,548,269,503,266,727,870,337,944,825,363,883,470,415,262,506,491,874,346
724,1,283,648,21,260,55,620,447,902,762,203,918,510,733,772,607,354,152,719
725,1,137,278,175,927,246,470,189,761,195,662,304,258,909,120,466,359,599,276
726,0,240,899,219,87,101,843,638,262,445,848,13,812,600,571,982,41,9,475
727,1,43,139,962,542,453,205,827,858,684,792,364,430,836,366,385,990,561,869
728,1,21,503,106,266,201,799,898,637,861,456,466,832,534,583,869,265,989,385
729,1,456,272,883,669,902,380,457,177,610,381,226,655,895,421,604,801,362,666
730,0,228,783,654,669,145,725,204,969,272,163,736,901,510,774,372,351,670,365
731,1,309,773,795,86,35,892,199,668,988,224,860,444,173,691,290,902,905,186
732,0,31,102,955,841,962,638,141,328,392,484,15,609,7,987,40,690,530,237
733,3,336,6,590,888,267,644,830,419,797,388,117,239,828,774,993,759,983,55
734,0,399,109,502,17,384,465,133,260,684,250,323,429,426,88,556,574,268,186
735,1,963,159,701,387,8,568,814,647,204,434,253,872,117,228,914,879,851,198
736,3,677,342,504,29,666,216,817,727,982,955,877,220,442,366,206,160,387,502
737,5,746,84,176,727,234,12,581,732,86,340,232,907,410,612,42,989,148,941
738,1,218,4,984,685,804,189,843,279,555,472,734,477,885,97,653,659,76,139
739,1,144,303,89,491,345,162,356,432,109,514,931,420,210,74,249,540,492,673
740,1,683,997,561,635,676,933,29,517,936,917,334,474,616,905,691,226,386,38
741,3,331,91,828,860,883,795,397,461,220,317,306,968,257,752,74,892,40,374
742,1,577,266,416,0,515,241,521,728,667,8,509,818,878,719,541,384,187,206
743,1,753,582,649,908,784,888,466,707,883,486,74,0,213,456,602,77,48,552
744,3,241,411,843,494,330,322,868,166,148,325,856,870,231,550,212,501,698,862
745,1,877,638,556,654,601,387,149,385,841,451,469,269,769,756,333,167,344,421
746,1,731,352,349,880,619,613,622,806,712,724,514,942,366,688,761,193,158,929
747,0,53,753,82,864,815,370,643,946,406,636,862,727,929,688,506,772,658,152
748,1,792,61,70,489,220,425,168,807,870,540,439,565,833,589,687,297,679,895
749,1,981,506,341,737,407,580,272,892,695,637,707,672,548,267,630,51,832,714
750,0,827,454,745,293,669,446,122,421,36,285,863,154,633,474,905,808,566,594
751,0,476,675,67,611,15,471,401,194,93,630,307,696,355,623,0,367,40,833
752,0,637,83,563,196,801,540,805,863,437,430,711,253,175,549,257,217,418,558
753,1,401,439,194,881,172,438,425,787,84,211,960,848,708,85,519,699,91,932
754,1,181,954,891,838,676,573,835,407,73,773,35,482,561,150,941,929,272,830
755,0,283,333,530,63,321,896,35,939,59,354,238,631,132,367,616,116,983,714
756,0,63,465,38,634,30,809,854,576,916,48,783,286,319,296,617,983,995,31
757,1,676,636,546,496,270,506,667,693,419,72,378,472,327,650,223,733,126,880
758,0,304,948,180,56,282,76,124,224,553,190,880,551,755,935,650,816,534,295
759,3,766,916,621,795,44,336,872,587,470,747,412,572,466,172,152,867,585,393
760,1,687,857,611,762,111,206,854,690,918,695,848,476,562,827,81,870,208,625
761,1,150,501,220,278,37,24,335,257,985,11,137,169,659,584,891,21,786,802
762,1,134,262,467,876,219,94,965,121,855,287,24,71,972,327,450,848,214,606
763,1,405,497,412,24,419,934,144,371,146,677,878,232,856,217,101,946,600,30
764,1,456,582,87,441,869,394,743,14,121,220,312,340,935,942,882,381,19,226
765,1,198,244,126,149,688,414,72,504,315,892,633,261,877,214,451,750,188,202
766,1,865,393,611,261,0,654,824,380,267,259,734,500,183,764,467,1,715,146
767,1,394,518,804,556,632,715,146,277,165,626,527,822,481,94,292,698,636,474
768,1,647,628,681,705,169,951,991,133,638,961,220,253,391,754,428,683,96,747
769,1,26,339,80,577,58,188,57,121,56,902,802,422,419,700,145,231,428,402
770,1,516,304,731,976,891,23,677,446,330,394,534,4,75,402,481,971,487,379
771,0,855,212,401,451,512,729,785,670,664,418,449,473,211,283,234,353,364,612
772,1,337,810,395,25,251,130,397,828,926,949,582,447,437,406,958,731,614,826
773,1,963,447,294,834,802,6,510,110,713,685,529,100,912,38,488,735,552,719
774,0,512,963,891,455,677,164,192,519,416,882,664,62,90,538,221,969,293,61
775,1,920,297,373,55,86,765,270,561,882,404,244,18,636,442,132,500,126,22
776,1,286,930,209,42,579,390,196,323,584,722,629,270,327,773,854,649,901,351
777,3,280,574,947,344,882,745,104,683,218,794,975,987,235,616,924,874,787,238
778,1,805,830,771,383,721,126,742,241,615,69,726,293,101,919,76,447,107,158
779,0,784,879,479,247,452,163,688,240,528,553,831,95,274,307,219,72,730,188
780,4,837,218,166,710,925,171,164,852,997,761,251,814,347,30,113,345,864,674
781,3,777,489,694,794,186,249,247,227,126,54,577,444,19,406,201,351,984,543
782,1,407,778,171,293,97,450,95,374,612,655,219,738,333,659,87,198,464,930
783,0,190,894,468,715,524,991,61,441,297,432,515,235,781,914,551,739,883,589
784,1,948,31,621,614,643,957,835,464,832,170,458,618,962,740,347,412,514,919
785,1,847,527,512,886,649,432,186,883,903,8,352,227,919,700,889,963,222,54
786,1,97,793,913,195,86,406,251,210,432,276,5,472,505,602,963,123,454,420
787,0,55,515,131,433,17,134,181,499,758,722,635,170,426,59,306,702,923,989
788,1,696,952,384,131,896,567,61,1,383,809,474,210,561,630,476,87,790,127
789,1,742,488,242,764,969,399,654,887,38,755,162,468,879,7,551,0,257,561
790,3,407,287,981,548,424,801,777,664,764,357,600,914,547,423,292,232,621,40
791,1,588,426,672,606,682,428,638,677,724,5,204,545,10,328,694,564,536,44
792,1,143,129,955,766,162,83,971,695,777,799,928,395,570,95,114,942,308,805
793,1,175,284,331,185,730,710,548,984,586,231,285,455,515,972,157,332,261,805
794,1,915,914,81,978,891,66,329,230,53,106,48,783,190,760,623,320,453,506
795,1,874,725,547,938,339,584,840,578,735,480,800,717,563,407,164,539,255,215
796,1,636,585,758,94,782,285,213,511,925,143,528,962,714,118,5,139,278,443
797,1,394,750,128,308,409,84,217,581,657,978,809,880,53,568,724,462,928,144
798,1,326,176,179,660,99,653,321,340,195,303,847,921,546,850,238,106,645,434
799,3,608,227,564,71,914,247,555,764,582,316,304,963,545,264,231,216,679,92
800,1,804,544,425,996,468,316,159,339,429,606,273,934,351,367,80,363,787,290
801,0,941,726,207,108,41,222,199,889,954,127,295,806,364,848,944,719,162,948
802,0,638,930,208,781,908,720,925,484,35,200,862,909,848,813,30,905,616,735
803,3,31,870,911,948,749,136,510,684,210,10,963,49,481,959,215,566,50,871
804,0,7,879,202,913,452,899,823,187,992,938,687,669,364,752,189,413,18,494
805,3,949,551,818,672,165,796,377,375,841,909,294,427,892,905,697,216,737,493
806,1,429,244,421,170,814,809,556,571,430,870,167,368,346,808,980,864,489,515
807,0,106,138,907,86,704,345,886,152,506,389,471,212,642,171,54,720,750,73
808,3,538,33,953,811,731,975,748,877,880,772,987,258,448,358,332,437,478,900
809,0,753,179,484,481,607,973,511,455,105,899,819,343,529,267,709,34,651,57
810,1,968,18,819,285,518,397,349,932,12,741,402,115,836,432,947,875,8,772
811,0,721,908,627,406,397,245,417,219,204,185,78,611,528,923,970,271,199,493
812,3,518,484,850,382,491,847,418,25,22,796,64,324,691,800,668,975,644,731
813,0,672,884,361,58,328,326,695,740,25,63,290,305,423,975,192,4,215,973
814,0,236,943,132,621,585,843,564,609,727,12,160,995,488,128,65,655,384,724
815,0,304,71,973,809,178,161,742,226,222,671,46,656,220,825,785,446,587,765
816,1,570,780,986,718,932,592,204,26,581,872,92,359,378,476,228,245,459,831
817,0,213,515,705,365,694,684,79,251,316,956,695,752,158,950,343,364,610,717
818,1,702,100,530,852,766,522,297,470,436,424,954,699,480,158,87,204,838,487
819,0,203,241,435,49,476,31,778,862,892,787,605,680,851,236,538,515,901,100
820,1,342,29,703,997,390,15,611,833,901,144,635,730,949,82,942,787,576,98
821,3,431,981,62,160,460,524,156,134,39,213,910,806,514,772,753,373,967,923
822,1,316,887,379,937,197,611,266,471,846,332,526,64,821,296,222,906,543,575
823,4,206,554,781,388,336,254,462,19,562,332,699,160,645,827,159,167,842,495
824,0,220,690,685,955,1,301,272,406,358,688,221,871,261,292,785,855,726,210
825,0,897,412,948,549,171,673,237,407,338,95,188,2,871,864,570,772,941,58
826,0,953,677,980,973,141,491,619,903,582,406,188,561,329,345,208,615,400,991
827,1,363,708,942,900,590,673,591,447,456,656,111,477,159,811,147,576,306,475
828,3,500,274,505,97,177,868,26,489,624,76,955,86,395,627,172,14,704,168
829,0,280,597,991,64,620,429,411,544,148,528,384,27,262,539,415,794,359,185
830,4,69,783,65,4,174,72,833,927,668,471,201,191,937,109,697,510,245,396
831,1,51,553,140,939,590,800,480,776,645,34,728,657,76,452,563,15,962,133
832,0,554,590,858,161,202,92,622,244,359,720,281,605,767,894,86,484,942,223
833,1,686,577,325,965,355,685,619,712,23,461,723,852,710,556,819,830,776,937
834,0,372,461,679,937,82,611,494,958,317,508,322,498,107,816,557,73,672,272
835,0,942,187,960,821,195,727,183,797,504,517,323,809,300,917,475,755,254,878
836,0,830,938,702,928,794,477,341,572,527,569,609,404,86,890,895,715,391,935
837,1,354,710,317,596,60,324,915,832,767,457,300,305,741,21,103,603,256,249
838,0,85,611,126,436,26,871,803,613,160,549,914,252,889,76,306,432,663,730
839,1,155,680,455,448,586,871,328,683,626,96,296,574,992,986,473,492,769,670
840,1,555,628,411,693,645,813,974,380,620,988,207,144,230,259,391,301,783,875
841,1,501,843,845,969,573,628,232,562,465,202,311,989,941,659,460,159,410,569
842,0,370,901,668,178,619,572,574,481,769,117,954,388,525,441,214,121,109,652
843,1,963,442,82,644,238,269,593,346,939,440,413,725,608,639,612,305,0,60
844,0,360,596,645,230,727,88,436,177,369,406,900,225,933,606,370,972,492,943
845,1,925,621,702,363,898,276,406,708,386,513,252,979,748,524,834,645,640,219
846,1,3,764,787,955,570,745,68,595,524,261,388,461,864,275,899,218,968,601
847,0,550,199,857,203,604,838,332,90,53,568,555,935,200,711,790,72,480,817
848,1,195,737,71,273,92,24,881,315,942,819,883,747,124,617,624,842,154,707
849,1,769,753,368,971,34,983,741,858,436,986,542,976,880,587,700,209,553,691
850,1,289,903,363,661,684,959,250,833,663,756,649,22,506,733,50,159,122,828
851,3,417,775,70,728,172,430,924,555,845,756,533,171,277,611,663,774,855,989
852,1,262,253,124,10,645,640,139,921,476,677,674,79,331,387,671,857,697,915
853,0,416,911,325,161,200,556,675,507,1,82,57,564,147,474,285,702,789,735
854,2,973,346,198,135,569,543,549,900,224,33,928,15,741,381,948,243,164,268
855,1,105,82,794,602,274,865,252,692,661,267,204,116,314,539,388,737,461,536
856,1,227,485,723,788,379,669,574,567,84,657,88,786,422,444,791,832,644,434
857,1,64,3,629,622,811,529,51,613,724,567,282,292,562,346,32,704,466,748
858,1,807,448,660,436,672,627,18,561,286,275,695,852,173,742,189,635,465,604
859,1,728,907,739,545,652,698,298,7,292,358,976,920,900,142,723,144,91,993
860,0,783,66,848,863,603,625,292,531,367,734,467,664,502,69,555,794,973,318
861,1,294,311,696,412,164,216,354,172,411,37,669,897,707,698,632,373,782,857
862,2,810,301,218,276,919,33,607,581,249,716,807,667,550,959,207,946,530,400
863,0,256,991,123,554,210,506,691,114,621,565,426,244,987,227,617,771,724,843
864,0,331,797,843,332,697,139,39,198,472,47,805,726,11,548,380,111,917,633
865,3,336,463,205,317,728,791,32,852,547,770,401,527,841,732,81,844,402,267
866,1,483,753,599,222,696,574,351,750,670,74,243,754,695,814,435,585,190,358
867,0,223,273,15,167,608,830,302,162,652,324,723,499,399,750,418,300,494,481
868,0,703,93,331,561,912,579,881,405,580,408,170,946,945,759,778,169,660,12
869,3,183,623,535,345,297,618,126,907,462,736,950,470,586,427,256,626,754,548
870,0,505,148,324,950,955,807,993,705,112,24,87,911,315,913,734,392,550,135
871,1,148,440,382,522,755,161,460,726,567,566,898,765,390,776,54,767,192,618
872,1,529,439,833,407,29,796,260,765,466,857,295,13,584,37,827,914,918,970
873,1,141,998,698,95,325,767,192,726,647,448,18,996,46,652,597,296,371,501
874,1,432,366,352,74,164,434,702,109,221,419,202,82,908,805,215,729,782,846
875,1,986,279,536,872,67,417,199,419,38,119,527,49,395,666,310,300,635,46
876,0,404,600,798,345,337,214,467,329,378,451,756,392,18,545,73,519,29,621
877,1,753,647,50,228,135,862,781,900,422,48,180,997,47,406,738,64,323,808
878,5,712,307,237,468,403,444,366,928,734,601,291,82,559,654,925,303,369,271
879,0,711,421,969,951,682,834,383,932,938,470,658,39,625,241,712,293,459,986
880,1,876,799,970,136,380,153,398,608,363,349,0,403,835,45,11,648,222,527
881,0,993,545,37,189,568,460,795,905,14,637,850,623,107,250,887,767,111,90
882,1,76,444,601,340,619,933,595,108,688,512,690,497,583,411,428,566,808,307
883,1,941,552,177,654,644,511,43,801,740,428,89,774,366,735,376,984,855,382
884,0,437,574,823,452,515,240,217,6,107,963,249,199,440,674,667,983,261,790
885,1,309,133,648,359,953,226,216,946,413,699,718,705,353,371,208,709,820,477
886,1,535,205,343,952,135,399,582,986,71,889,814,461,446,863,319,2,262,392
887,1,237,900,906,473,602,930,384,993,278,788,924,605,40,902,739,544,427,884
888,1,316,302,440,372,920,883,849,399,39,832,159,165,823,455,120,702,37,0
889,3,562,749,252,227,301,449,174,4,778,839,352,938,571,377,665,481,565,537
890,1,8,130,787,631,622,219,181,396,247,298,43,380,532,599,605,397,908,616
891,1,892,191,47,704,837,735,747,584,585,848,935,30,909,710,357,304,826,28
892,1,133,265,868,132,31,839,862,378,980,83,198,661,548,760,555,821,338,34
893,1,450,365,310,461,839,607,626,76,37,632,677,238,558,134,921,999,105,601
894,0,536,83,367,509,569,562,746,591,831,619,320,801,456,332,210,854,845,875
895,1,148,434,233,62,399,871,823,131,820,562,203,697,293,578,372,667,687,268
896,5,863,767,478,482,873,515,994,25,242,949,99,792,582,189,257,83,348,354
897,1,126,373,793,716,185,557,779,20,164,944,917,896,399,846,431,992,233,724
898,1,879,48,316,57,88,451,535,867,431,491,313,367,72,86,31,720,567,22
899,0,671,675,158,624,164,379,650,852,842,997,695,391,226,928,341,804,513,556
900,0,55,823,781,787,368,667,761,947,255,19,711,857,39,325,522,333,977,672
901,1,849,209,675,577,677,507,309,627,822,596,439,8,112,655,899,125,806,600
902,0,763,388,660,147,595,178,320,531,416,519,105,433,966,734,819,348,307,621
903,3,732,852,747,827,304,574,820,916,171,660,401,423,635,190,865,908,399,991
904,0,211,855,996,287,326,311,633,365,392,600,32,748,270,258,599,389,146,349
905,1,545,88,946,543,98,563,712,718,254,685,490,549,463,433,811,944,659,416
906,1,628,884,3,468,615,599,276,40,431,572,887,185,419,181,447,940,253,366
907,1,999,455,465,405,582,144,12,64,262,26,344,307,670,694,48,638,820,487
908,3,312,289,712,93,694,789,253,563,429,171,933,824,10,896,162,482,272,971
909,1,578,551,273,775,85,267,594,359,669,625,648,204,302,900,409,557,406,373
910,1,643,975,820,754,994,142,819,878,229,634,358,405,761,355,980,856,454,760
911,1,535,659,311,996,603,259,244,261,162,471,404,109,971,176,888,963,60,857
912,1,301,403,440,221,783,711,696,832,153,917,479,270,183,419,720,413,975,905
913,1,19,279,265,824,20,869,206,783,320,395,85,438,700,655,58,182,682,773
914,1,500,434,973,835,807,637,797,879,10,522,392,969,510,63,803,816,203,754
915,0,204,742,330,751,819,463,415,217,964,47,423,980,274,35,882,820,656,89
916,1,858,483,674,626,186,370,708,474,239,981,373,570,815,204,670,558,512,344
917,0,830,260,162,735,970,228,936,472,744,729,647,893,947,525,310,476,604,850
918,0,971,25,733,805,327,291,515,576,946,980,93,633,147,73,273,322,588,607
919,0,171,957,612,445,914,357,96,548,900,288,908,698,489,335,544,473,877,198
920,3,800,856,112,673,6,145,226,19,976,47,527,329,676,696,535,915,777,142
921,0,871,19,558,428,364,583,773,750,870,267,877,943,6,944,635,581,779,537
922,0,328,802,926,949,442,605,748,703,850,325,883,681,953,326,364,741,173,428
923,0,419,862,217,269,458,620,195,266,618,607,658,258,899,397,701,122,282,627
924,2,341,816,599,422,219,246,605,697,326,743,695,869,723,475,513,247,699,171
925,1,592,486,547,834,72,842,643,744,632,306,106,646,812,968,448,629,365,815
926,3,673,590,569,344,379,439,984,160,451,759,840,599,937,997,360,523,996,239
927,0,30,505,821,819,553,54,724,13,95,657,371,64,826,399,843,302,940,296
928,1,769,945,322,298,112,116,513,266,809,425,413,302,675,577,118,854,341,363
929,1,34,121,250,77,369,660,946,222,936,470,569,629,616,322,252,253,344,828
930,0,596,162,442,812,273,694,211,584,751,317,145,803,602,785,686,356,305,666
931,0,744,702,452,343,72,236,451,704,52,204,602,315,61,962,501,651,231,96
932,0,671,83,493,450,189,699,214,889,750,78,717,150,30,828,233,545,858,757
933,0,739,832,802,420,273,627,542,801,756,659,225,405,393,777,560,88,190,898
934,1,155,824,115,896,470,846,496,415,341,714,511,847,132,125,497,971,895,75
935,1,29,154,487,452,785,654,419,375,51,707,764,579,356,370,392,882,763,589
936,1,977,349,992,364,316,682,931,3,566,213,448,581,911,551,150,433,935,449
937,3,184,804,373,343,175,148,428,399,280,755,377,895,760,478,374,831,375,736
938,0,354,251,496,250,908,81,474,765,419,654,740,417,667,657,399,736,894,889
939,0,923,840,749,702,6,653,901,889,600,604,699,954,201,239,687,272,558,713
940,1,606,489,569,614,760,638,659,811,250,279,429,708,726,844,998,260,45,221
941,0,670,128,342,848,348,909,338,497,707,701,775,175,212,956,667,842,76,8
942,0,952,292,699,485,529,178,39,601,179,254,578,932,115,877,805,277,210,28
943,0,331,751,652,762,990,272,694,332,452,107,667,439,594,85,504,676,718,416
944,2,183,651,305,72,3,546,798,975,168,363,276,879,706,912,349,260,336,346
945,1,975,590,644,924,470,885,349,786,319,988,923,803,580,230,626,716,946,780
946,4,753,1,793,443,26,814,463,158,974,578,880,849,661,616,790,678,197,826
947,0,105,47,249,563,791,780,447,639,190,139,605,569,334,423,458,428,208,876
948,1,942,918,729,953,343,884,57,53,841,394,32,186,173,761,86,698,593,302
949,1,185,355,18,76,0,887,877,500,832,190,288,341,256,363,277,641,427,900
950,1,123,945,989,75,529,224,245,100,545,580,740,186,946,44,578,85,608,588
951,1,103,343,494,659,388,793,406,133,460,764,928,98,645,709,798,603,675,514
952,1,821,981,899,22,168,134,11,971,15,106,815,983,568,625,883,276,247,35
953,0,339,520,261,669,428,300,134,314,956,876,73,586,34,122,641,396,878,838
954,1,239,957,764,58,797,163,535,207,33,93,786,80,428,230,123,287,338,529
955,1,349,428,202,28,362,571,599,643,220,132,676,677,346,819,956,191,499,91
956,1,889,910,300,546,965,42,864,974,372,921,227,123,71,236,19,520,279,967
957,1,335,514,220,430,4,35,315,678,63,689,595,86,501,903,736,660,855,436
958,1,718,0,283,452,352,693,223,482,795,78,230,444,691,656,722,760,838,929
959,0,362,723,503,833,18,782,986,86,666,714,62,255,182,746,597,681,384,447
960,0,611,569,546,346,865,36,89,53,180,153,16,377,645,192,579,966,79,403
961,1,556,847,534,682,669,244,19,639,429,71,458,349,98,892,222,185,965,469
962,1,640,558,462,438,926,253,320,707,247,211,591,209,74,971,214,805,907,836
963,0,370,608,97,758,211,765,602,686,606,855,972,202,764,560,458,423,461,734
964,1,400,696,866,161,608,64,629,141,334,172,936,6,475,953,192,577,147,227
965,1,834,477,109,908,588,377,139,223,340,502,954,583,187,127,61,207,77,728
966,3,225,474,269,456,938,742,360,963,628,625,420,598,223,870,438,231,434,555
967,1,343,628,727,688,404,52,992,319,465,456,208,878,675,636,921,746,752,172
968,0,849,570,213,976,744,637,806,910,980,475,860,538,912,696,148,967,883,98
969,1,84,916,489,494,877,947,550,1,86,782,167,148,410,505,279,750,527,234
970,1,411,334,883,686,699,542,936,754,430,144,595,557,644,755,306,875,429,243
971,0,543,623,577,931,982,535,111,378,874,66,86,268,253,19,146,49,788,564
972,0,110,240,695,398,650,83,891,269,982,1,14,575,711,697,965,653,922,315
973,1,462,37,54,978,91,447,219,780,177,115,628,644,614,835,175,297,90,802
974,1,301,508,939,409,951,273,565,902,569,633,661,978,805,794,747,402,863,543
975,0,319,597,655,284,352,640,336,316,798,669,145,148,52,935,16,842,835,974
976,0,721,950,300,392,811,935,84,313,15,34,244,621,33,961,923,605,206,268
977,0,239,145,449,525,82,610,346,587,895,375,936,615,507,255,46,568,961,27
978,0,484,378,716,728,679,7,985,40,833,241,946,388,701,468,721,952,354,310
979,1,553,754,674,840,720,221,82,514,259,358,749,829,201,186,372,482,827,922
980,1,225,508,219,260,528,453,764,54,872,37,870,912,88,572,59,36,588,118
981,1,653,537,835,568,871,942,234,699,58,144,519,969,273,560,946,446,999,510
982,1,241,908,286,428,484,921,290,349,758,650,642,937,914,659,327,558,138,953
983,4,392,485,30,832,140,876,780,849,677,964,226,910,861,557,779,331,581,120
984,0,400,212,959,491,770,466,922,699,860,38,866,519,48,393,113,217,243,394
985,3,795,124,513,507,214,206,104,860,982,455,978,691,121,821,329,400,490,12
986,1,486,541,223,274,505,586,328,305,34,817,585,190,954,926,245,988,745,528
987,0,18,223,555,600,758,961,412,26,357,27,407,779,432,124,746,858,41,314
988,1,92,940,296,494,348,700,321,421,637,173,918,178,436,327,236,869,775,212
989,0,917,84,336,931,537,643,180,895,233,752,472,222,279,197,508,624,824,886
990,0,673,381,478,189,932,551,96,867,691,137,300,313,769,519,786,280,342,250
991,0,18,302,150,587,901,863,656,645,591,124,915,949,969,493,614,793,331,293
992,0,359,65,422,317,287,515,809,594,988,563,541,605,476,970,366,479,670,740
993,1,164,534,36,320,834,444,596,210,187,868,981,274,685,467,539,201,578,266
994,1,773,307,178,382,323,39,118,803,778,845,865,430,65,764,390,398,310,240
995,0,200,724,716,289,209,466,623,709,224,928,91,656,676,92,292,663,622,189
996,0,44,816,644,548,836,42,979,112,980,822,716,267,228,664,863,874,215,907
997,1,566,641,329,787,127,504,208,37,657,50,995,351,160,393,78,553,428,871
998,1,904,194,138,981,819,580,374,69,213,96,851,633,619,566,331,17,815,130
999,0,795,706,322,829,442,529,312,419,621,458,532,774,461,474,202,195,836,479
