0,1,856,791,593,384,120,766
1,1,286,295,742,559,193,374
2,0,115,60,204,694,977,194
3,0,597,923,461,778,959,241
4,1,11,104,683,163,420,314
5,0,248,564,789,26,422,226
6,0,307,522,998,775,110,242
7,1,631,313,231,128,624,47
8,0,250,586,926,831,328,311
9,1,724,511,534,928,745,680
10,0,326,345,351,205,293,6
11,5,561,560,190,88,704,135
12,1,754,889,168,884,393,160
13,1,398,649,909,999,957,643
14,3,282,819,419,124,112,145
15,1,439,173,198,630,231,853
16,1,724,925,480,263,417,829
17,1,647,739,164,105,460,98
18,1,576,98,996,276,727,190
19,0,304,440,869,49,227,30
20,1,800,12,131,868,512,369
21,1,775,571,531,397,197,70
22,1,664,314,752,127,418,887
23,0,504,324,489,75,358,594
24,3,826,786,658,626,145,226
25,0,457,760,192,514,372,858
26,3,926,648,579,593,686,96
27,1,106,227,174,122,706,789
28,0,339,641,566,171,337,856
29,1,230,526,993,197,645,378
30,2,76,519,598,227,794,825
31,1,259,443,52,242,445,38
32,1,864,673,247,610,403,376
33,3,759,48,876,878,103,546
34,0,596,747,320,792,503,161
35,0,361,542,396,565,595,955
36,1,833,649,14,872,508,294
37,0,223,923,697,367,693,93
38,1,934,803,624,500,434,882
39,4,398,556,779,999,805,679
40,1,920,95,930,498,694,34
41,0,77,398,102,462,676,359
42,0,568,744,261,682,481,950
43,0,729,530,460,743,223,699
44,1,324,851,442,917,230,518
45,1,930,592,665,191,248,919
46,0,241,918,262,512,859,492
47,1,717,615,701,97,523,757
48,1,233,392,82,837,29,936
49,1,136,700,928,159,0,482
50,1,26,185,145,837,744,398
51,0,151,246,97,681,916,421
52,1,176,537,842,53,402,234
53,1,348,216,390,924,888,344
54,0,222,682,674,100,709,425
55,4,553,557,956,119,99,122
56,0,836,716,433,899,183,773
57,0,615,573,764,641,170,365
58,3,95,241,107,965,466,798
59,3,579,725,103,656,880,938
60,0,646,490,337,418,965,709
61,1,701,366,462,552,437,241
62,1,73,124,891,684,696,105
63,1,829,746,955,467,46,262
64,0,676,69,127,629,156,207
65,0,604,438,583,14,871,400
66,3,913,206,443,734,796,589
67,1,69,600,291,558,417,89
68,0,596,677,191,66,115,121
69,1,1,10,975,182,822,55
70,0,3,13,27,456,33,343
71,1,288,759,628,904,975,233
72,0,779,836,693,620,46,152
73,0,731,470,126,801,150,768
74,1,753,15,885,277,57,701
75,1,830,811,828,216,625,41
76,1,996,260,314,780,871,836
77,1,22,813,404,582,401,165
78,0,653,392,61,305,352,402
79,1,386,665,312,331,221,728
80,0,414,632,652,434,637,243
81,0,702,313,125,858,221,420
82,0,863,379,992,824,601,687
83,1,319,742,979,855,485,449
84,1,755,735,354,470,381,549
85,0,841,22,539,976,792,49
86,0,713,154,708,914,298,114
87,0,785,136,353,41,79,789
88,1,569,639,879,100,899,49
89,0,204,131,39,705,94,456
90,3,194,766,11,521,634,504
91,1,432,597,191,420,657,348
92,1,837,72,331,998,518,673
93,1,820,849,747,962,656,794
94,1,829,435,22,498,573,89
95,1,73,812,823,263,833,799
96,1,405,240,468,515,713,535
97,1,529,299,705,160,513,434
98,1,377,34,947,187,386,317
99,0,505,944,535,638,623,185
100,0,19,311,267,557,83,356
101,3,230,37,241,169,528,743
102,0,462,847,311,60,178,353
103,1,498,47,729,529,883,991
104,1,485,246,924,686,683,718
105,1,264,929,205,823,539,975
106,1,952,992,865,268,828,130
107,1,325,557,763,103,563,797
108,4,82,803,603,226,115,107
109,1,980,806,98,554,511,432
110,1,532,308,921,668,476,707
111,0,715,737,67,218,523,169
112,4,181,908,978,512,732,899
113,3,171,463,496,498,48,853
114,0,503,923,957,218,640,458
115,3,672,309,202,947,924,484
116,1,111,752,694,363,465,424
117,0,240,329,544,481,686,805
118,1,824,225,484,788,269,731
119,1,38,610,828,972,146,140
120,1,681,607,87,870,849,424
121,0,970,387,876,535,779,580
122,1,942,177,194,644,460,943
123,0,430,581,177,891,990,406
124,1,166,129,721,887,960,674
125,0,229,804,810,664,458,53
126,0,857,17,640,315,480,106
127,1,436,69,805,269,419,183
128,1,363,43,899,679,633,806
129,0,297,188,2,190,141,177
130,0,845,118,126,132,326,468
131,3,585,780,895,314,637,711
132,1,714,448,391,452,219,554
133,1,230,138,586,630,731,889
134,1,234,683,505,193,31,855
135,0,852,197,384,675,580,752
136,1,770,751,394,38,148,999
137,1,259,768,882,727,330,268
138,1,198,800,48,435,77,413
139,0,195,839,168,215,536,843
140,5,817,216,714,561,125,173
141,1,996,733,526,388,284,215
142,1,639,862,608,771,583,2
143,0,467,607,138,972,948,776
144,1,201,925,271,253,686,532
145,1,99,876,676,690,881,834
146,0,627,699,361,667,832,714
147,0,925,418,518,87,76,95
148,1,252,875,696,590,455,839
149,1,899,890,65,221,32,589
150,1,937,894,80,307,554,181
151,0,77,372,43,930,110,312
152,3,513,646,946,701,480,963
153,1,654,983,704,343,641,129
154,1,563,189,872,102,365,618
155,1,938,181,578,738,484,947
156,0,717,479,495,759,682,876
157,1,511,13,686,398,480,215
158,1,938,787,99,676,850,81
159,1,970,157,378,938,980,60
160,0,9,884,653,386,703,415
161,1,618,144,407,875,844,673
162,1,140,22,800,495,669,536
163,3,171,600,336,929,738,332
164,1,679,451,483,385,953,591
165,1,869,8,509,366,837,111
166,3,475,195,231,421,779,451
167,0,46,808,5,355,311,948
168,1,241,579,840,629,285,118
169,1,809,543,261,660,935,51
170,1,565,36,132,739,17,613
171,0,22,415,26,856,496,761
172,0,501,713,591,975,68,884
173,1,330,618,231,804,56,887
174,0,580,672,414,197,824,494
175,4,684,506,483,143,615,432
176,0,922,304,829,90,389,860
177,1,106,661,836,102,180,917
178,1,15,834,112,250,396,956
179,4,621,543,641,698,660,981
180,4,845,86,992,536,332,353
181,1,260,820,411,882,438,915
182,0,573,110,778,585,145,27
183,1,806,506,428,374,631,894
184,0,898,284,140,207,65,21
185,1,656,13,253,356,400,450
186,1,609,708,851,823,765,945
187,0,656,733,709,561,737,920
188,0,974,362,742,766,193,237
189,0,742,876,617,899,556,244
190,1,886,722,386,174,155,898
191,0,240,939,726,64,793,298
192,3,994,355,838,135,531,421
193,3,976,212,988,362,536,133
194,5,812,377,107,680,637,161
195,0,823,876,668,214,578,716
196,1,80,949,418,299,304,897
197,0,693,193,138,119,141,746
198,0,540,679,299,651,209,622
199,4,649,357,775,738,110,656
200,1,706,809,493,554,161,36
201,0,117,381,539,206,957,601
202,1,132,164,396,856,693,145
203,1,950,574,388,413,758,258
204,0,770,806,42,539,494,486
205,0,998,122,144,783,97,634
206,1,898,801,456,303,886,11
207,0,374,201,47,555,962,216
208,0,580,579,357,957,562,972
209,3,965,683,399,770,929,815
210,0,623,943,34,863,247,275
211,0,928,737,647,183,439,469
212,1,256,147,229,980,580,758
213,1,632,527,74,108,495,860
214,1,445,240,304,645,423,524
215,1,924,796,106,469,428,189
216,1,343,705,765,351,810,307
217,4,947,157,85,31,734,717
218,5,797,669,415,816,200,207
219,1,932,597,493,5,171,119
220,1,256,819,751,71,80,394
221,1,371,270,452,243,649,783
222,1,669,268,932,631,347,593
223,0,617,379,461,424,727,458
224,0,806,756,142,771,804,413
225,4,287,926,405,98,241,313
226,1,742,666,636,657,870,381
227,0,699,323,317,528,588,187
228,0,478,811,423,77,984,474
229,0,455,296,292,51,637,801
230,3,884,31,599,105,989,325
231,1,13,452,250,605,90,658
232,1,994,9,763,942,867,698
233,1,234,543,694,776,629,869
234,1,529,276,370,609,615,969
235,1,191,919,801,797,323,294
236,0,829,397,820,43,220,825
237,1,807,852,843,111,606,621
238,5,666,311,619,954,524,750
239,1,379,130,41,929,487,964
240,0,465,539,268,948,889,845
241,0,768,831,990,6,907,113
242,1,138,933,807,22,402,131
243,1,125,22,994,945,898,274
244,0,368,246,484,634,233,65
245,1,864,852,556,122,548,160
246,1,18,299,134,849,775,887
247,1,759,756,747,846,527,937
248,1,170,135,628,122,327,234
249,1,964,146,367,357,393,636
250,1,893,405,707,494,72,211
251,1,931,294,521,84,433,428
252,1,518,126,452,270,842,586
253,0,240,556,701,17,173,379
254,1,699,398,233,602,361,524
255,0,183,459,166,850,873,401
256,3,349,283,119,653,250,850
257,0,65,439,135,973,741,604
258,1,572,930,333,386,375,604
259,1,566,526,666,513,871,469
260,1,352,129,279,579,526,34
261,0,152,542,517,179,408,710
262,1,220,132,826,505,512,153
263,1,944,833,217,802,59,587
264,1,735,52,455,941,758,129
265,1,518,774,196,276,920,141
266,1,732,34,908,728,544,2
267,1,150,861,496,386,610,778
268,1,769,288,832,29,430,440
269,1,186,468,255,992,886,488
270,3,385,594,692,566,882,886
271,1,414,833,812,492,520,380
272,0,840,883,945,147,175,70
273,0,831,503,988,622,163,585
274,1,779,57,834,664,68,633
275,1,575,203,925,999,922,496
276,0,238,226,477,678,26,393
277,1,2,944,765,320,853,311
278,0,823,170,635,691,957,634
279,1,248,464,656,815,673,754
280,0,225,71,9,114,484,393
281,0,618,851,98,850,36,675
282,0,29,409,58,37,182,176
283,0,770,355,921,855,756,523
284,1,211,628,925,931,313,641
285,1,809,650,150,6,907,333
286,1,627,530,829,384,97,837
287,1,839,788,186,248,234,462
288,0,230,781,286,838,754,807
289,0,670,259,543,13,186,365
290,1,792,494,613,671,878,91
291,1,786,760,335,835,751,587
292,0,638,277,631,264,147,448
293,0,455,3,385,976,414,630
294,3,566,438,876,193,383,110
295,1,723,227,893,791,144,37
296,0,881,356,416,200,977,95
297,0,279,108,124,223,171,871
298,1,55,535,408,25,435,518
299,1,103,938,745,832,579,326
300,1,333,68,141,85,342,205
301,1,694,411,551,646,58,376
302,0,748,736,410,200,924,714
303,1,911,285,342,404,943,309
304,1,47,470,934,461,227,196
305,3,514,209,772,613,97,931
306,0,573,277,560,595,606,323
307,1,498,490,605,984,438,588
308,1,262,732,808,320,313,677
309,1,415,153,206,610,89,822
310,0,203,96,887,261,87,162
311,1,301,237,731,387,766,161
312,0,262,513,102,470,847,795
313,0,464,653,439,68,190,892
314,1,221,556,548,312,927,168
315,0,589,982,483,112,657,922
316,1,520,700,508,64,501,797
317,0,456,301,391,422,933,424
318,1,373,771,393,425,636,124
319,0,359,618,667,142,533,425
320,1,755,126,576,934,372,427
321,1,707,221,826,892,532,966
322,1,221,304,588,541,785,78
323,5,475,723,760,809,257,444
324,1,892,491,997,660,877,923
325,4,63,891,390,269,985,537
326,1,260,68,954,844,227,750
327,0,60,246,916,795,479,866
328,1,499,759,636,708,854,570
329,3,347,256,100,682,746,932
330,5,703,962,721,17,232,517
331,0,641,27,266,732,228,686
332,0,163,134,732,175,91,824
333,0,697,196,288,54,681,32
334,0,390,920,30,361,738,261
335,0,998,502,846,88,282,641
336,0,957,434,377,198,736,937
337,1,821,289,865,295,551,219
338,0,188,579,167,460,145,376
339,1,705,170,83,825,723,957
340,1,21,4,62,732,177,804
341,1,148,576,188,712,171,69
342,0,119,691,3,676,564,332
343,1,3,527,203,807,237,905
344,0,80,610,300,995,109,687
345,0,742,774,126,685,796,410
346,1,615,775,317,660,995,224
347,3,838,917,163,904,80,400
348,1,288,298,822,573,362,318
349,3,77,572,500,57,577,568
350,1,313,168,521,106,939,77
351,1,153,947,693,223,162,860
352,0,861,899,583,99,110,890
353,1,112,276,315,211,639,565
354,0,865,48,932,415,273,930
355,1,600,418,741,486,692,346
356,1,126,894,766,718,538,197
357,1,221,614,599,772,259,851
358,1,299,557,509,2,849,439
359,1,255,713,261,709,650,860
360,1,718,130,960,31,770,296
361,0,132,302,526,895,427,431
362,0,829,739,207,945,672,453
363,5,506,1,903,977,918,854
364,0,340,933,620,935,886,607
365,1,260,870,369,948,525,186
366,0,161,141,868,769,294,331
367,1,152,761,342,917,304,799
368,1,384,511,63,745,807,5
369,3,156,923,806,737,794,161
370,1,30,883,464,700,847,788
371,0,873,33,432,611,356,891
372,0,920,842,668,896,820,96
373,1,911,58,580,559,28,816
374,0,683,85,839,704,449,273
375,1,64,376,157,681,758,415
376,1,647,21,723,545,812,79
377,1,303,101,518,352,36,825
378,1,448,452,702,202,678,549
379,1,714,561,235,680,327,189
380,2,187,298,67,507,423,15
381,1,960,840,879,771,864,936
382,1,920,100,970,913,646,219
383,1,607,88,875,415,695,325
384,1,521,849,839,522,601,673
385,1,197,139,164,597,635,71
386,1,513,312,374,672,262,909
387,1,61,857,507,260,708,522
388,1,612,541,759,70,861,802
389,1,769,622,363,875,132,866
390,1,933,235,633,997,836,335
391,1,3,63,242,77,853,93
392,0,637,317,499,205,781,477
393,1,974,670,124,278,268,516
394,1,545,814,554,880,102,851
395,1,978,78,937,129,917,358
396,3,792,309,779,543,638,26
397,0,842,825,717,231,755,594
398,1,334,313,611,714,224,840
399,0,468,208,675,649,186,389
400,1,946,535,8,147,911,574
401,2,296,846,83,1,641,766
402,0,924,799,917,813,405,812
403,3,472,346,944,171,485,823
404,1,316,669,286,820,430,478
405,3,311,940,710,534,684,575
406,0,564,579,226,437,458,357
407,3,307,145,539,510,868,785
408,1,700,318,236,999,36,17
409,0,660,361,426,166,547,290
410,1,641,954,628,571,35,21
411,1,943,999,532,649,78,24
412,4,495,293,540,969,869,315
413,1,738,772,441,838,894,49
414,1,388,218,925,599,849,975
415,0,439,586,9,52,748,588
416,4,693,518,418,38,587,996
417,5,736,192,812,697,682,414
418,0,625,598,950,865,628,984
419,5,880,853,997,841,329,731
420,1,484,745,638,960,500,606
421,0,917,613,765,913,339,900
422,1,391,178,797,756,54,841
423,0,904,253,363,6,101,613
424,1,484,546,20,143,412,730
425,1,667,610,455,175,315,170
426,1,90,229,674,965,437,370
427,0,801,718,130,476,546,553
428,0,876,637,760,355,613,320
429,1,368,314,562,65,782,257
430,0,868,571,584,808,564,113
431,1,646,983,966,44,19,694
432,1,696,655,241,508,216,724
433,1,370,683,981,987,418,582
434,4,357,770,671,124,935,297
435,2,87,51,259,543,104,748
436,1,183,68,544,383,87,62
437,1,354,490,832,510,906,830
438,1,677,684,738,442,552,61
439,0,122,32,968,796,313,747
440,3,335,772,516,583,293,76
441,0,315,88,62,714,685,11
442,1,530,312,638,416,280,357
443,0,368,954,411,793,325,487
444,1,799,440,910,519,884,395
445,1,651,646,73,937,945,772
446,1,795,543,482,499,977,272
447,1,244,510,664,620,336,921
448,4,367,774,397,713,901,289
449,1,926,418,752,619,329,127
450,0,773,987,836,532,983,878
451,0,578,83,506,983,511,72
452,1,682,413,213,686,22,425
453,0,152,454,830,449,558,353
454,0,828,30,351,628,919,587
455,0,100,877,920,781,224,52
456,0,170,55,364,942,419,109
457,1,125,481,932,924,358,184
458,0,340,17,250,196,775,31
459,1,803,781,455,304,12,91
460,3,356,216,444,291,852,746
461,1,33,339,704,381,716,118
462,1,18,206,536,215,736,841
463,0,333,759,935,872,283,847
464,1,212,514,542,848,293,413
465,1,486,422,706,793,745,376
466,4,731,697,174,957,897,473
467,1,536,210,822,118,168,291
468,1,785,360,999,957,52,843
469,1,214,506,693,227,636,851
470,1,566,779,340,638,36,899
471,1,421,296,101,129,802,600
472,1,500,680,467,327,299,112
473,1,272,180,750,189,988,283
474,1,805,153,54,721,550,256
475,1,69,263,620,511,344,254
476,1,502,846,599,551,662,347
477,1,580,270,693,271,787,378
478,1,893,624,817,73,343,368
479,0,576,353,397,406,713,37
480,1,919,105,315,28,120,662
481,0,81,535,241,739,562,102
482,3,310,437,12,719,238,740
483,0,4,370,26,751,971,898
484,3,808,194,845,719,257,613
485,1,245,4,747,355,402,57
486,1,205,714,622,609,149,978
487,0,213,740,329,964,43,125
488,0,754,356,456,983,735,628
489,1,768,517,584,611,938,803
490,1,980,796,819,741,455,285
491,0,998,922,105,370,518,528
492,1,429,383,609,936,341,162
493,0,415,314,942,51,191,179
494,0,102,818,55,964,80,605
495,1,899,924,609,870,375,584
496,1,823,885,112,441,281,67
497,0,992,207,392,427,586,262
498,1,741,723,544,423,180,313
499,0,369,832,829,841,680,297
500,1,668,647,268,535,341,598
501,1,610,565,717,46,993,167
502,1,131,274,296,723,544,332
503,0,262,308,169,619,536,408
504,0,245,718,663,503,992,931
505,1,146,564,537,993,461,437
506,1,366,879,515,333,869,226
507,1,814,933,136,327,377,119
508,5,395,939,927,600,815,653
509,1,571,276,348,349,912,230
510,0,433,801,499,940,748,518
511,1,290,812,81,459,774,255
512,0,85,412,244,282,5,117
513,0,174,971,753,236,608,459
514,0,627,996,27,676,500,528
515,1,46,503,67,920,222,933
516,1,811,888,303,817,682,58
517,0,219,446,590,176,385,220
518,1,764,607,876,878,447,926
519,0,915,957,494,856,496,947
520,1,578,228,869,713,601,423
521,1,104,2,499,378,472,402
522,1,961,104,934,500,400,222
523,0,140,589,193,899,559,58
524,1,342,798,699,224,526,906
525,0,26,267,54,740,301,210
526,5,643,989,678,39,635,972
527,1,946,14,788,42,407,574
528,1,398,800,854,955,725,233
529,1,881,171,593,61,404,38
530,1,839,141,22,487,203,486
531,0,261,20,623,118,873,188
532,0,587,921,555,126,744,707
533,1,621,708,202,415,789,478
534,0,192,877,107,987,714,336
535,0,41,449,681,203,874,588
536,1,166,336,497,14,709,929
537,1,849,665,307,564,689,133
538,1,722,853,920,607,745,532
539,0,268,774,338,586,991,973
540,1,305,590,842,712,237,247
541,1,929,323,542,423,974,651
542,0,728,293,216,787,392,342
543,1,67,499,150,378,431,812
544,1,870,771,426,295,433,429
545,0,531,609,442,623,386,446
546,0,302,787,752,627,297,576
547,1,43,160,795,884,234,589
548,0,475,789,898,832,89,872
549,1,174,25,54,60,868,784
550,5,978,836,607,43,335,730
551,4,993,12,129,867,870,654
552,1,505,266,872,940,192,163
553,1,830,496,161,833,290,43
554,1,271,86,744,196,264,472
555,0,470,87,962,565,103,957
556,1,124,505,891,117,39,625
557,1,53,871,676,653,456,326
558,1,546,102,265,617,736,266
559,1,169,795,35,903,805,415
560,1,364,465,153,625,897,550
561,1,61,341,987,327,446,730
562,1,43,936,641,553,405,867
563,0,562,132,11,53,991,943
564,1,774,605,279,52,154,255
565,1,837,141,257,738,2,320
566,1,970,572,561,641,499,256
567,1,938,879,283,728,877,218
568,4,500,843,561,56,836,762
569,1,682,155,67,150,223,689
570,0,733,80,546,231,494,492
571,0,803,193,789,752,41,521
572,0,820,563,36,805,769,628
573,0,34,484,371,699,960,673
574,1,582,313,796,145,250,463
575,1,679,317,977,721,975,45
576,1,368,58,928,632,655,222
577,1,574,204,347,566,366,606
578,1,621,854,213,196,620,440
579,1,695,198,679,484,568,514
580,3,623,566,804,631,654,92
581,1,124,181,905,260,208,629
582,1,860,624,878,699,726,281
583,1,685,771,199,960,124,364
584,3,187,511,456,546,591,388
585,0,9,475,196,48,795,421
586,0,29,985,322,304,46,600
587,0,888,826,396,431,546,734
588,1,195,10,794,122,820,538
589,3,598,206,822,233,210,640
590,0,542,63,43,973,455,330
591,1,417,40,83,841,407,706
592,1,755,701,856,882,703,460
593,1,431,95,10,152,968,376
594,0,371,780,488,672,635,585
595,0,186,586,145,99,895,142
596,1,643,871,155,181,493,397
597,1,254,452,651,3,5,788
598,1,738,614,420,886,46,971
599,0,307,179,646,427,320,434
600,0,626,24,874,729,550,742
601,1,293,404,133,500,310,448
602,1,993,422,400,476,176,694
603,1,947,523,655,254,683,531
604,0,549,823,328,617,916,601
605,1,3,562,604,61,26,448
606,1,722,578,330,814,373,514
607,1,221,14,20,139,560,89
608,1,672,502,534,665,597,451
609,1,407,794,714,18,284,921
610,0,957,794,776,173,937,254
611,1,805,201,780,543,434,632
612,1,328,623,117,505,202,450
613,3,382,126,784,319,792,592
614,0,795,985,441,988,827,633
615,1,651,31,921,499,335,13
616,1,463,146,245,210,222,70
617,1,355,207,445,701,413,73
618,4,875,37,213,987,547,685
619,4,522,927,255,28,473,767
620,1,292,697,913,766,390,819
621,3,352,448,636,947,30,49
622,1,507,697,600,380,786,694
623,1,282,379,362,665,523,136
624,0,401,925,139,886,650,457
625,0,134,281,463,934,546,556
626,1,532,115,986,17,323,58
627,1,959,612,655,361,721,25
628,1,320,824,548,789,102,866
629,1,689,162,314,482,708,147
630,1,679,328,741,804,655,834
631,3,705,37,51,702,659,602
632,1,311,984,608,61,483,52
633,0,172,734,174,994,109,921
634,0,459,8,987,843,301,188
635,0,765,620,275,963,458,481
636,5,268,969,448,860,239,563
637,4,589,162,501,45,174,696
638,0,570,271,862,866,551,437
639,3,587,918,18,894,607,463
640,1,550,304,652,15,848,55
641,3,721,649,117,661,139,751
642,1,654,681,832,388,215,147
643,1,89,265,141,474,943,308
644,1,503,204,452,64,864,705
645,1,619,48,51,483,196,713
646,1,105,657,28,146,721,787
647,1,707,223,892,782,841,633
648,1,904,719,863,177,332,830
649,1,982,859,517,869,336,412
650,1,561,173,202,356,578,211
651,0,771,298,917,191,184,928
652,1,958,326,85,145,397,608
653,3,680,297,158,722,721,875
654,1,823,646,687,209,337,542
655,1,20,602,34,139,553,55
656,5,980,18,695,388,624,484
657,0,69,883,501,27,191,223
658,0,129,967,882,532,767,10
659,1,984,191,538,611,261,58
660,1,661,778,43,993,805,296
661,1,247,752,831,432,527,383
662,4,452,162,609,796,293,11
663,1,967,125,711,879,542,178
664,1,392,523,651,255,6,913
665,0,273,282,159,749,866,158
666,1,351,989,443,797,454,544
667,0,835,880,464,154,177,119
668,1,698,945,817,838,276,923
669,5,842,499,344,413,646,179
670,0,872,122,456,261,845,825
671,1,474,598,982,650,311,132
672,0,201,279,657,982,541,633
673,1,544,653,44,892,116,43
674,1,710,197,992,260,480,628
675,1,74,904,409,845,852,36
676,0,284,181,865,946,670,814
677,1,401,500,187,735,519,207
678,1,38,644,975,415,317,488
679,1,867,245,974,272,990,791
680,1,765,642,214,781,224,771
681,1,79,411,226,640,810,310
682,1,377,907,100,797,651,523
683,0,656,642,122,496,461,455
684,1,633,364,18,218,956,478
685,0,846,703,364,137,663,73
686,0,316,419,170,518,402,514
687,0,354,262,169,655,979,137
688,1,282,504,620,739,524,248
689,0,184,460,557,565,433,253
690,1,824,248,912,518,224,503
691,1,216,117,980,45,507,353
692,1,282,606,733,405,270,195
693,1,543,850,726,528,513,100
694,1,273,966,939,256,949,592
695,0,266,662,92,317,658,83
696,0,734,196,233,130,961,944
697,1,690,403,485,582,66,340
698,1,584,832,590,68,63,181
699,4,600,222,374,25,372,651
700,3,720,497,988,676,897,962
701,1,680,763,112,38,244,325
702,0,401,464,123,805,985,137
703,1,111,723,814,271,270,563
704,1,186,708,10,508,663,657
705,1,816,186,347,559,778,344
706,1,45,501,471,324,155,643
707,0,190,770,681,727,941,838
708,1,10,76,42,719,760,810
709,1,826,115,355,933,774,397
710,3,894,103,93,684,764,26
711,1,654,841,896,228,147,877
712,3,814,509,119,731,529,200
713,1,959,785,345,509,832,110
714,3,217,766,63,501,953,67
715,0,962,867,565,310,606,663
716,1,256,459,395,534,74,29
717,1,143,26,198,133,238,523
718,0,615,586,261,363,205,443
719,0,58,690,746,902,884,968
720,0,753,771,292,640,567,345
721,1,408,615,994,218,598,951
722,0,919,312,66,500,903,490
723,0,786,104,753,808,276,295
724,1,995,409,776,366,51,744
725,1,606,563,505,873,307,436
726,0,75,546,54,549,106,261
727,1,598,604,121,342,253,842
728,1,727,610,333,840,977,257
729,1,707,875,309,82,535,263
730,0,370,888,937,72,891,350
731,1,212,185,666,922,222,569
732,0,170,733,787,159,331,380
733,3,223,915,680,516,178,453
734,0,952,502,202,56,576,128
735,1,206,698,381,651,140,500
736,3,949,531,965,439,573,327
737,5,994,378,171,215,938,564
738,1,202,536,452,470,875,366
739,1,648,572,31,994,973,998
740,1,281,322,510,699,827,503
741,3,209,286,538,182,882,945
742,1,34,551,646,949,352,349
743,1,425,409,113,366,853,179
744,3,852,256,674,55,670,965
745,1,781,749,43,526,835,592
746,1,700,749,202,823,532,273
747,0,10,683,606,967,173,796
748,1,751,23,216,120,586,191
749,1,480,110,141,955,97,951
750,0,760,930,807,851,493,460
751,0,716,754,565,178,640,496
752,0,378,649,442,705,616,838
753,1,525,39,563,841,663,588
754,1,402,110,388,945,886,555
755,0,79,714,821,828,434,289
756,0,554,943,64,174,369,6
757,1,675,577,736,137,382,656
758,0,378,212,115,217,42,483
759,3,402,367,305,374,203,856
760,1,270,205,597,444,573,280
761,1,362,386,170,551,788,808
762,1,7,587,963,918,577,783
763,1,380,820,983,657,121,954
764,1,929,775,671,529,557,202
765,1,334,669,947,359,112,710
766,1,999,441,462,254,492,610
767,1,621,835,374,828,617,506
768,1,989,507,424,111,0,220
769,1,734,868,674,898,932,631
770,1,607,689,584,283,233,877
771,0,79,936,523,605,434,436
772,1,621,941,95,969,351,415
773,1,40,193,323,840,430,525
774,0,772,43,237,101,706,215
775,1,300,56,967,395,856,165
776,1,981,95,701,888,803,423
777,3,269,726,201,779,588,333
778,1,756,415,221,945,907,158
779,0,808,43,493,683,15,38
780,4,120,177,964,951,28,619
781,3,163,42,560,839,650,284
782,1,93,492,791,542,538,638
783,0,78,968,904,362,129,488
784,1,698,351,677,836,78,678
785,1,91,297,102,269,150,938
786,1,588,748,41,105,534,712
787,0,316,582,840,773,173,898
788,1,95,328,246,957,191,952
789,1,131,312,886,839,655,519
790,3,322,177,88,85,464,771
791,1,335,605,29,732,811,217
792,1,82,888,902,881,900,531
793,1,529,273,935,662,216,77
794,1,411,595,936,925,785,343
795,1,156,106,514,952,440,805
796,1,981,944,294,163,29,130
797,1,397,554,381,707,155,733
798,1,545,411,929,153,562,203
799,3,552,257,993,51,249,267
800,1,323,775,411,326,334,409
801,0,742,513,256,323,414,786
802,0,41,278,490,716,821,325
803,3,938,522,969,282,759,80
804,0,76,49,308,636,51,273
805,3,145,784,52,634,530,685
806,1,168,79,773,220,675,500
807,0,194,625,563,297,594,974
808,3,94,788,236,189,385,338
809,0,162,579,987,76,405,420
810,1,177,951,67,716,417,377
811,0,59,850,822,673,138,239
812,3,839,541,726,69,515,677
813,0,489,946,851,335,391,763
814,0,949,73,523,228,278,978
815,0,15,567,754,73,555,697
816,1,774,732,240,562,915,759
817,0,600,743,469,827,810,614
818,1,448,251,286,821,996,837
819,0,472,636,292,852,700,498
820,1,32,314,741,872,280,685
821,3,372,148,895,858,248,187
822,1,295,781,220,165,100,258
823,4,337,697,580,710,740,669
824,0,184,968,110,139,762,193
825,0,795,783,136,508,547,330
826,0,270,286,391,672,991,720
827,1,192,810,850,86,940,367
828,3,455,651,268,780,171,694
829,0,742,716,221,443,772,725
830,4,84,50,614,338,928,591
831,1,801,463,110,586,779,1
832,0,641,445,939,869,527,108
833,1,458,956,185,17,836,860
834,0,192,684,528,375,545,187
835,0,118,263,541,496,32,69
836,0,206,741,756,286,514,303
837,1,461,975,686,335,599,930
838,0,95,184,622,449,601,400
839,1,180,999,365,279,631,247
840,1,178,646,837,968,848,41
841,1,902,471,379,270,226,699
842,0,269,249,292,139,300,110
843,1,813,573,570,41,351,412
844,0,462,983,128,725,797,71
845,1,324,321,829,351,113,248
846,1,243,650,416,557,871,199
847,0,188,260,258,115,460,442
848,1,437,983,969,605,667,158
849,1,868,88,422,117,671,0
850,1,611,641,935,497,317,961
851,3,847,315,550,199,186,120
852,1,29,982,831,514,145,472
853,0,198,168,840,580,151,720
854,2,82,17,968,836,306,382
855,1,351,355,137,525,247,192
856,1,242,733,548,417,749,404
857,1,312,852,736,336,864,892
858,1,384,778,646,288,509,999
859,1,172,897,994,323,250,322
860,0,805,137,923,849,953,445
861,1,230,426,735,731,329,7
862,2,569,621,905,828,218,929
863,0,879,343,995,254,600,915
864,0,850,136,89,486,723,657
865,3,94,558,972,708,457,62
866,1,596,599,665,423,73,704
867,0,434,129,595,590,617,30
868,0,633,905,347,413,309,754
869,3,692,293,382,147,855,859
870,0,3,200,140,926,334,323
871,1,139,95,443,905,327,157
872,1,850,228,14,776,680,919
873,1,829,581,565,395,878,843
874,1,94,7,522,939,364,422
875,1,33,465,355,626,657,129
876,0,541,118,685,605,35,404
877,1,490,485,984,429,656,271
878,5,33,850,454,146,691,69
879,0,395,958,550,300,788,858
880,1,795,852,132,775,846,622
881,0,708,117,869,945,435,124
882,1,747,330,551,694,22,720
883,1,413,707,365,446,807,852
884,0,245,738,2,317,142,227
885,1,635,194,335,966,314,347
886,1,47,822,515,213,820,736
887,1,590,829,406,444,844,171
888,1,152,488,308,754,973,782
889,3,20,381,777,484,124,336
890,1,740,798,547,471,967,249
891,1,752,830,737,154,3,954
892,1,320,619,648,164,45,784
893,1,972,890,83,656,226,700
894,0,244,659,494,54,444,96
895,1,493,798,52,613,525,985
896,5,735,372,840,329,605,944
897,1,908,563,803,608,763,374
898,1,162,983,498,838,681,666
899,0,669,365,905,897,738,478
900,0,966,756,962,528,931,739
901,1,516,2,540,794,309,823
902,0,307,107,281,91,987,793
903,3,848,261,988,79,442,935
904,0,498,496,290,190,54,967
905,1,689,791,152,986,765,69
906,1,863,699,842,26,735,704
907,1,670,26,978,790,384,302
908,3,1,799,93,195,414,50
909,1,346,185,231,588,654,63
910,1,807,900,127,858,177,200
911,1,338,176,768,332,50,410
912,1,652,84,98,575,58,27
913,1,511,473,578,376,0,611
914,1,780,939,201,826,354,983
915,0,670,704,329,243,619,228
916,1,346,386,319,307,734,322
917,0,453,868,435,780,265,330
918,0,718,540,307,515,596,804
919,0,807,580,587,68,522,728
920,3,65,212,756,355,834,786
921,0,132,874,485,580,331,993
922,0,301,756,175,437,390,616
923,0,588,139,174,183,54,78
924,2,765,607,128,588,139,887
925,1,961,272,117,645,635,908
926,3,345,426,865,602,179,405
927,0,249,59,520,296,453,400
928,1,778,744,561,745,522,904
929,1,830,269,132,6,499,806
930,0,232,758,293,785,314,256
931,0,389,464,929,187,962,363
932,0,106,143,921,896,653,698
933,0,630,726,763,609,642,217
934,1,249,743,691,730,266,878
935,1,628,202,152,484,223,943
936,1,996,699,43,357,397,547
937,3,564,216,800,865,901,673
938,0,828,233,704,529,288,146
939,0,723,292,209,553,853,543
940,1,643,838,857,854,385,829
941,0,907,142,77,630,457,973
942,0,260,338,451,516,51,34
943,0,161,461,783,50,909,581
944,2,282,897,905,37,353,64
945,1,688,576,228,202,244,938
946,4,343,932,968,554,96,859
947,0,159,145,199,412,362,184
948,1,390,571,73,575,150,865
949,1,447,241,268,288,49,695
950,1,193,971,370,1,285,239
951,1,335,739,255,177,984,229
952,1,708,703,331,468,996,250
953,0,460,160,315,138,95,925
954,1,592,381,109,616,675,627
955,1,655,189,392,783,541,111
956,1,691,46,985,326,614,994
957,1,168,262,202,557,585,805
958,1,3,247,445,531,870,983
959,0,443,10,733,598,410,989
960,0,735,250,25,48,341,924
961,1,50,357,150,833,97,102
962,1,200,968,348,719,208,47
963,0,979,766,150,789,847,683
964,1,795,94,881,216,171,73
965,1,360,723,771,161,299,581
966,3,888,310,655,403,323,189
967,1,402,489,926,737,44,158
968,0,848,199,970,476,180,21
969,1,27,527,868,445,675,790
970,1,903,911,395,657,867,547
971,0,86,214,570,150,709,399
972,0,443,310,904,878,630,135
973,1,536,343,803,641,135,724
974,1,466,622,255,32,256,635
975,0,324,884,775,741,579,269
976,0,855,441,574,827,434,185
977,0,449,152,665,718,170,315
978,0,701,874,684,963,310,628
979,1,444,731,278,618,238,179
980,1,400,875,73,539,226,851
981,1,283,743,670,412,225,365
982,1,149,43,566,152,650,757
983,4,526,613,67,492,479,201
984,0,829,108,16,5,235,862
985,3,936,727,327,560,456,577
986,1,594,29,642,922,90,353
987,0,600,873,530,868,681,303
988,1,951,426,961,500,265,541
989,0,527,68,764,615,379,662
990,0,285,666,336,580,141,464
991,0,371,233,544,369,712,133
992,0,723,689,338,341,286,283
993,1,705,406,243,540,57,508
994,1,923,867,210,909,584,946
995,0,543,991,9,521,715,750
996,0,314,315,275,549,908,573
997,1,229,469,211,28,818,383
998,1,133,105,720,492,186,385
999,0,322,885,102,394,428,769
