0,1,873,446,331,405,195,96,542,581,11,955,239,94
1,1,318,108,475,168,202,627,865,612,868,187,253,986
2,0,489,384,481,946,610,884,964,649,889,847,491,960
3,0,808,181,191,2,127,302,544,692,938,262,846,381
4,1,123,111,177,601,647,30,963,868,823,480,54,251
5,0,115,107,327,541,300,834,622,385,426,910,725,743
6,0,29,514,971,443,162,535,116,534,164,589,206,335
7,1,937,604,108,422,621,631,367,440,721,526,574,997
8,0,983,185,863,748,195,290,344,493,334,505,448,490
9,1,473,990,115,365,125,149,758,101,383,876,585,903
10,0,559,50,692,690,839,769,39,780,640,141,137,146
11,5,870,105,424,846,463,547,993,960,939,235,193,535
12,1,684,32,511,238,591,866,921,790,767,636,524,583
13,1,191,406,467,372,729,328,600,835,623,989,197,490
14,3,335,95,702,93,754,764,664,616,816,295,131,677
15,1,76,794,788,673,895,249,858,595,340,171,382,282
16,1,411,920,957,1,88,561,964,836,9,527,399,47
17,1,893,610,480,339,157,290,542,370,383,973,323,843
18,1,952,41,955,472,283,34,891,33,603,940,458,178
19,0,618,223,151,278,407,373,198,486,779,532,761,48
20,1,808,83,273,261,568,226,234,285,181,94,30,410
21,1,617,734,555,930,739,170,301,567,982,675,987,852
22,1,501,310,560,782,106,132,568,181,534,88,847,669
23,0,57,77,552,173,232,760,454,178,734,460,979,354
24,3,711,785,326,756,425,260,686,852,328,0,333,179
25,0,90,557,398,944,482,321,132,832,877,667,754,609
26,3,116,802,714,320,639,927,152,479,819,697,633,481
27,1,725,742,470,421,901,140,363,823,878,580,547,3
28,0,412,878,529,191,436,695,679,248,439,758,683,832
29,1,163,446,600,520,91,86,999,4,149,642,165,797
30,2,100,51,488,15,33,284,465,591,784,119,877,982
31,1,479,352,257,542,355,933,552,165,70,149,646,507
32,1,317,362,509,160,190,133,619,104,15,149,682,533
33,3,891,347,538,184,289,943,881,84,725,733,568,409
34,0,481,461,713,582,377,830,965,525,243,639,83,807
35,0,862,607,538,198,490,103,48,643,895,496,66,429
36,1,674,975,782,949,973,347,736,550,763,940,568,936
37,0,501,176,61,523,565,471,762,175,740,643,915,190
38,1,762,650,533,439,234,862,159,63,81,374,521,697
39,4,526,502,974,973,85,426,577,173,911,909,763,454
40,1,864,457,994,376,627,805,84,968,852,86,256,16
41,0,79,410,925,851,36,561,607,507,750,182,290,858
42,0,156,149,778,654,389,919,599,585,404,644,214,48
43,0,342,372,907,819,351,744,276,678,832,973,581,918
44,1,542,283,335,273,215,915,756,746,164,645,848,927
45,1,795,202,223,555,96,660,524,480,219,963,143,715
46,0,668,572,35,247,221,880,91,970,739,612,881,839
47,1,536,45,248,723,50,343,324,881,434,755,958,95
48,1,84,19,37,575,115,798,371,6,770,390,833,653
49,1,475,738,542,232,227,184,340,426,537,376,402,345
50,1,898,804,693,936,712,727,167,669,845,342,792,503
51,0,50,232,948,102,503,84,254,801,328,417,278,429
52,1,104,725,658,95,966,965,510,686,439,308,460,172
53,1,5,282,308,349,790,817,187,572,782,218,468,615
54,0,962,893,110,101,357,68,841,379,257,809,503,221
55,4,955,838,788,150,792,776,505,997,648,949,538,528
56,0,806,586,153,425,118,726,275,901,134,62,797,802
57,0,112,209,388,409,793,263,927,918,548,861,62,751
58,3,309,191,656,354,88,549,950,10,725,576,288,568
59,3,802,546,290,333,586,129,516,330,361,441,273,50
60,0,924,293,528,37,260,844,274,936,546,409,278,759
61,1,913,324,975,299,613,384,127,9,360,271,572,961
62,1,944,788,504,698,897,968,342,483,736,597,81,452
63,1,852,334,867,607,99,898,82,720,176,986,156,151
64,0,362,9,551,846,344,390,446,259,978,770,936,497
65,0,924,357,184,362,813,127,843,800,861,783,506,915
66,3,203,989,903,345,874,73,913,861,202,103,954,200
67,1,608,746,72,103,325,336,531,640,257,180,817,976
68,0,141,268,904,598,437,541,707,377,462,5,792,465
69,1,71,180,923,678,664,662,414,547,714,64,357,187
70,0,375,949,336,219,569,36,536,882,928,560,963,621
71,1,126,546,677,808,638,440,165,151,476,480,33,381
72,0,363,358,55,739,156,771,450,871,847,882,361,960
73,0,330,978,143,515,321,488,440,615,632,529,25,808
74,1,40,146,846,113,364,824,272,864,577,192,127,228
75,1,225,654,573,133,888,504,94,170,106,912,818,325
76,1,847,690,814,134,252,98,551,271,611,558,695,762
77,1,282,83,386,635,240,179,737,780,775,158,688,968
78,0,753,976,836,777,227,244,57,172,36,624,529,845
79,1,614,717,343,179,104,920,59,542,62,72,184,395
80,0,736,730,79,9,268,176,53,491,364,872,952,1
81,0,796,435,385,830,544,419,320,775,535,373,955,223
82,0,948,81,651,552,905,337,982,315,770,716,728,103
83,1,172,425,587,639,12,21,696,52,947,906,757,146
84,1,174,373,586,313,775,256,269,651,704,15,496,163
85,0,88,545,879,196,107,248,981,548,568,674,681,805
86,0,877,273,181,853,472,164,940,360,581,54,731,43
87,0,559,882,296,794,469,778,445,827,523,916,243,344
88,1,825,249,354,376,241,51,482,799,643,896,22,893
89,0,192,86,64,388,832,36,548,329,392,111,975,857
90,3,72,398,564,433,32,387,190,346,888,670,853,242
91,1,315,603,703,772,69,348,136,962,495,614,220,232
92,1,918,178,171,536,784,520,609,703,108,507,371,452
93,1,658,410,539,665,849,501,138,810,894,775,268,666
94,1,581,343,960,260,571,695,390,327,824,920,187,379
95,1,469,666,810,553,18,608,912,751,712,283,437,253
96,1,801,130,446,990,33,961,970,708,449,599,658,559
97,1,421,756,873,140,892,499,939,582,197,963,579,633
98,1,260,964,674,712,170,497,159,943,232,882,832,401
99,0,950,184,712,189,805,697,789,151,389,360,296,711
100,0,258,795,169,766,904,218,971,319,946,703,660,214
101,3,722,417,750,740,544,650,86,365,664,982,652,970
102,0,807,598,575,497,65,519,851,312,142,733,220,144
103,1,431,152,583,409,722,260,195,64,76,920,109,412
104,1,912,754,171,678,399,570,282,191,823,494,348,844
105,1,994,173,968,771,215,376,857,222,144,121,576,979
106,1,37,80,62,951,375,60,422,851,99,895,834,646
107,1,730,545,874,581,132,420,949,429,994,963,857,159
108,4,255,292,995,327,609,204,322,604,654,546,551,289
109,1,484,159,55,619,541,216,323,918,584,331,671,873
110,1,153,899,38,747,488,107,499,257,759,472,817,939
111,0,271,886,100,856,973,956,264,341,218,845,29,470
112,4,477,275,170,169,265,864,475,80,862,808,415,798
113,3,477,935,709,515,561,335,89,270,114,992,923,767
114,0,791,126,190,646,645,60,54,763,818,739,146,540
115,3,980,957,248,943,104,126,229,291,540,335,764,361
116,1,981,655,668,954,110,856,768,818,999,703,641,397
117,0,184,185,249,507,493,400,238,381,228,124,279,324
118,1,338,389,651,716,465,313,143,869,648,43,345,366
119,1,376,623,239,908,74,708,158,836,877,384,636,233
120,1,654,819,996,407,269,227,32,627,902,360,283,65
121,0,114,90,288,862,792,723,169,894,502,795,431,43
122,1,63,905,411,145,954,630,291,327,603,820,614,822
123,0,389,494,164,88,883,652,748,853,276,274,895,323
124,1,979,162,796,624,689,206,795,396,970,21,409,115
125,0,118,391,547,360,260,628,271,528,456,727,878,306
126,0,492,110,153,386,361,88,234,753,448,847,888,305
127,1,12,933,496,816,890,777,784,128,583,829,418,206
128,1,606,688,220,573,468,847,854,178,778,867,722,922
129,0,111,541,411,809,372,681,462,509,944,409,638,182
130,0,244,871,343,586,357,856,520,981,778,389,730,6
131,3,112,190,477,97,503,576,495,980,733,277,947,484
132,1,397,665,898,48,627,52,936,948,413,572,302,157
133,1,773,346,657,184,524,451,833,348,304,244,656,559
134,1,396,34,827,949,36,694,403,705,561,988,824,703
135,0,403,418,432,820,71,986,451,331,487,201,950,370
136,1,793,693,861,367,783,218,278,679,244,284,792,253
137,1,573,526,949,937,451,387,379,581,814,41,217,43
138,1,239,591,825,182,952,63,344,934,712,584,447,781
139,0,639,720,935,698,212,143,989,112,791,226,44,25
140,5,940,781,974,610,933,683,476,565,640,72,830,29
141,1,681,524,421,426,47,532,887,194,923,565,61,570
142,1,663,910,233,738,644,909,185,480,181,919,828,466
143,0,940,889,182,441,910,560,313,566,323,348,574,997
144,1,68,168,538,147,198,298,431,110,757,866,225,200
145,1,445,189,492,328,984,102,237,312,327,691,393,775
146,0,885,69,874,107,608,899,387,238,99,707,229,724
147,0,447,236,37,420,726,888,493,727,439,340,58,21
148,1,437,230,37,400,246,276,372,387,436,710,491,617
149,1,513,695,196,861,710,55,901,479,949,496,228,67
150,1,380,781,307,632,624,619,433,161,524,292,870,979
151,0,919,93,391,491,997,451,563,82,382,759,361,205
152,3,878,899,75,407,258,598,967,76,271,308,849,14
153,1,422,437,213,633,602,725,873,702,188,121,397,955
154,1,349,500,644,113,117,826,849,195,81,984,180,411
155,1,859,691,834,762,806,802,757,557,410,951,179,188
156,0,602,978,22,549,826,624,852,76,105,659,182,706
157,1,366,743,716,836,470,647,74,652,110,584,644,348
158,1,323,343,466,652,103,591,341,133,555,455,475,521
159,1,134,676,264,672,924,997,542,620,605,501,711,237
160,0,493,668,207,659,975,823,985,301,299,354,342,602
161,1,306,640,446,485,2,75,663,616,517,370,351,267
162,1,62,49,706,143,339,898,951,409,491,295,285,956
163,3,862,553,325,655,297,276,842,342,345,77,82,129
164,1,910,258,915,603,788,941,599,302,987,898,694,632
165,1,607,779,612,849,746,142,512,781,689,599,396,281
166,3,103,977,141,642,942,258,647,509,179,277,690,162
167,0,778,55,438,543,225,232,891,395,0,418,939,574
168,1,678,151,423,959,458,880,993,233,158,430,547,537
169,1,668,881,229,716,166,875,725,146,712,69,560,485
170,1,278,338,640,897,822,133,332,915,165,539,6,410
171,0,477,423,685,986,624,657,29,946,631,443,945,377
172,0,886,393,102,690,323,297,8,88,876,999,420,674
173,1,926,929,132,778,290,381,277,716,666,708,94,790
174,0,902,908,64,850,291,310,451,417,385,222,571,973
175,4,92,579,565,904,262,32,58,456,502,408,40,559
176,0,602,617,321,36,48,446,882,738,790,733,864,695
177,1,997,338,481,807,453,437,350,246,430,785,141,731
178,1,510,165,781,530,534,256,756,229,162,884,131,893
179,4,840,628,274,996,511,466,99,865,395,421,154,643
180,4,557,345,12,525,94,433,921,494,745,870,855,845
181,1,557,286,867,143,735,70,463,343,443,745,7,379
182,0,597,402,745,896,559,532,653,623,969,214,425,181
183,1,941,919,29,555,100,237,735,357,790,210,730,271
184,0,39,367,194,932,424,313,740,773,414,109,48,780
185,1,418,469,293,338,830,952,54,844,160,626,113,705
186,1,215,258,71,601,910,833,766,916,691,494,715,202
187,0,91,864,73,746,280,24,210,243,311,526,940,515
188,0,152,822,752,42,821,714,183,172,836,203,762,570
189,0,12,819,945,11,481,641,637,946,914,205,563,816
190,1,841,762,11,453,376,742,45,638,629,125,900,819
191,0,266,116,669,939,970,832,114,705,502,547,895,315
192,3,174,482,951,634,9,150,301,80,105,524,941,51
193,3,954,622,629,98,563,833,709,102,878,919,125,400
194,5,69,121,606,506,961,925,9,417,338,348,755,494
195,0,975,736,249,440,43,797,259,546,806,90,519,280
196,1,50,901,46,943,204,455,235,515,241,372,150,828
197,0,888,814,348,477,417,738,8,970,473,441,442,718
198,0,973,177,343,404,269,531,892,779,719,982,647,998
199,4,243,511,293,527,71,486,144,335,139,462,107,428
200,1,132,208,722,146,290,480,609,390,165,346,802,578
201,0,74,805,575,706,447,682,727,446,159,991,506,185
202,1,141,270,310,103,937,842,642,106,74,558,875,217
203,1,174,265,348,627,4,404,356,843,771,936,538,625
204,0,160,969,371,289,48,1,682,823,770,970,97,791
205,0,932,666,859,211,107,274,296,980,683,495,362,365
206,1,757,818,463,32,940,449,47,413,525,600,130,474
207,0,18,934,517,710,63,340,594,300,771,866,974,746
208,0,58,768,473,592,368,520,923,430,257,947,565,685
209,3,90,244,320,25,345,99,221,853,384,840,187,581
210,0,768,415,250,863,699,353,215,298,514,955,164,222
211,0,112,83,781,100,897,707,892,14,372,328,944,217
212,1,47,706,483,688,985,883,896,836,517,23,357,942
213,1,64,465,466,423,925,458,979,773,182,649,223,705
214,1,939,181,811,691,114,880,726,841,998,350,648,373
215,1,533,223,236,508,514,359,528,149,773,588,11,762
216,1,493,461,529,981,492,846,223,803,545,404,857,272
217,4,660,966,437,912,563,547,32,325,322,614,612,777
218,5,579,609,465,871,606,874,232,997,198,19,981,501
219,1,109,301,853,876,940,73,724,593,862,77,700,859
220,1,290,638,962,52,925,641,610,904,527,492,945,162
221,1,401,86,725,411,825,823,440,199,58,386,999,864
222,1,102,375,55,752,141,327,837,161,778,153,712,511
223,0,99,950,948,327,482,898,857,991,235,484,638,503
224,0,261,13,999,964,218,177,282,372,247,605,268,19
225,4,101,736,411,477,946,128,708,580,852,36,700,621
226,1,10,780,676,519,452,699,869,421,732,313,666,912
227,0,932,619,659,605,631,969,892,603,106,270,146,922
228,0,452,742,865,824,609,509,587,977,598,464,923,817
229,0,230,177,339,322,435,333,353,425,190,140,989,820
230,3,67,916,934,126,466,197,278,762,558,995,99,597
231,1,334,809,566,73,825,715,961,575,425,849,612,510
232,1,244,938,735,560,55,427,132,845,755,141,448,117
233,1,866,746,231,113,257,644,501,319,477,742,841,888
234,1,739,156,290,85,191,367,102,924,552,451,455,298
235,1,954,167,973,854,883,639,738,150,342,354,443,572
236,0,833,473,505,409,440,987,557,800,699,263,403,972
237,1,520,674,52,580,111,170,280,180,763,975,23,993
238,5,79,304,460,577,647,698,498,57,968,75,515,974
239,1,4,3,522,738,512,904,504,931,409,736,938,711
240,0,388,722,263,934,714,179,563,545,361,727,793,477
241,0,740,386,200,408,403,586,951,733,148,990,47,625
242,1,109,437,573,870,876,374,204,545,886,471,764,424
243,1,127,929,471,442,389,285,830,853,262,736,792,657
244,0,481,490,600,291,218,22,778,292,673,855,516,683
245,1,754,177,745,64,865,660,157,944,6,981,962,337
246,1,589,616,937,69,118,78,276,511,291,153,779,447
247,1,572,162,22,341,255,714,622,963,67,457,607,971
248,1,53,582,441,262,487,268,465,475,923,401,603,573
249,1,655,842,221,330,81,509,357,739,885,916,498,444
250,1,963,986,984,128,327,370,579,854,180,428,599,594
251,1,375,278,224,728,170,859,542,752,325,586,2,921
252,1,238,182,97,116,32,386,917,723,165,437,64,616
253,0,314,21,578,683,105,813,519,91,128,937,581,356
254,1,938,167,249,863,658,66,372,451,918,80,198,783
255,0,688,139,923,696,397,871,36,469,180,836,305,801
256,3,749,222,369,555,580,535,348,303,38,278,130,890
257,0,336,875,766,425,897,470,735,478,926,279,910,885
258,1,365,36,92,948,124,811,624,105,954,411,815,743
259,1,868,532,173,246,402,977,394,729,999,305,653,710
260,1,409,173,184,686,291,96,883,63,541,206,112,282
261,0,285,863,200,473,74,500,230,956,652,253,365,7
262,1,672,553,758,319,411,933,37,183,39,945,392,156
263,1,625,495,53,730,664,101,94,387,311,155,463,2
264,1,891,612,794,860,100,996,242,316,68,147,972,411
265,1,551,85,325,182,993,986,35,219,713,55,126,835
266,1,275,788,713,512,119,590,702,878,363,112,263,819
267,1,39,22,405,610,281,291,448,244,598,318,962,675
268,1,844,223,747,68,631,116,653,569,187,526,718,427
269,1,313,112,867,821,418,982,360,331,593,992,660,844
270,3,213,156,810,120,289,310,80,495,808,940,115,458
271,1,255,694,225,40,214,988,937,995,217,505,240,722
272,0,679,872,213,249,952,72,863,192,171,227,456,964
273,0,294,924,796,454,73,477,649,126,138,67,396,629
274,1,720,157,920,754,981,953,188,562,587,788,113,844
275,1,84,938,794,265,678,486,496,437,752,548,251,148
276,0,821,219,15,96,505,552,343,586,79,604,155,123
277,1,181,544,957,974,754,350,445,278,594,139,561,206
278,0,469,946,226,434,947,340,591,358,206,131,447,512
279,1,802,65,571,316,831,268,521,137,925,294,18,556
280,0,144,914,843,789,361,619,299,704,105,524,463,522
281,0,611,719,226,839,170,238,188,721,684,965,629,847
282,0,533,609,961,559,113,729,834,101,336,709,146,299
283,0,628,275,608,495,644,81,714,634,501,761,956,539
284,1,799,987,983,68,572,768,708,853,405,390,544,516
285,1,814,882,867,225,145,371,61,629,992,125,804,479
286,1,739,968,29,2,580,861,630,508,524,19,662,546
287,1,627,602,181,353,524,573,183,739,303,399,901,469
288,0,706,482,654,36,588,464,653,359,365,75,437,393
289,0,73,116,572,896,19,765,26,32,922,786,474,938
290,1,54,228,787,33,949,792,879,527,516,446,393,660
291,1,225,494,285,880,36,832,31,264,726,764,585,340
292,0,88,839,549,476,319,751,84,588,649,489,527,679
293,0,216,783,246,180,283,552,467,689,99,3,102,885
294,3,840,559,221,157,654,640,271,898,592,76,485,207
295,1,802,546,691,444,650,3,642,350,53,14,511,842
296,0,179,627,147,946,819,968,883,755,148,201,289,943
297,0,350,445,861,143,632,71,987,184,832,236,44,243
298,1,367,901,601,975,649,785,934,684,470,489,854,486
299,1,587,469,637,766,841,722,316,480,988,328,671,297
300,1,326,597,973,106,841,484,118,534,904,509,233,909
301,1,839,961,32,130,267,367,206,252,271,397,495,203
302,0,606,196,324,50,316,63,844,64,94,134,109,787
303,1,819,748,846,960,599,759,790,445,986,656,767,164
304,1,85,581,594,600,987,306,976,354,674,616,988,592
305,3,794,619,836,886,923,480,145,318,162,69,354,913
306,0,248,143,423,992,412,615,694,780,365,19,656,177
307,1,304,548,987,825,152,32,490,989,968,667,680,641
308,1,650,721,33,958,677,708,712,282,786,478,763,724
309,1,880,809,265,191,194,116,86,625,717,391,677,312
310,0,157,404,920,504,820,380,412,583,998,214,352,242
311,1,671,790,728,586,297,995,245,489,457,615,34,237
312,0,841,446,619,25,552,926,284,652,64,383,921,377
313,0,741,595,735,560,610,801,196,754,177,282,515,838
314,1,44,570,533,980,938,721,913,121,604,813,908,52
315,0,863,470,374,439,288,16,582,394,366,856,151,155
316,1,23,241,46,979,495,363,767,604,533,902,680,402
317,0,166,170,7,501,120,69,759,143,727,477,595,623
318,1,832,529,65,892,397,512,298,634,593,367,536,822
319,0,978,378,877,380,780,337,223,582,951,687,784,917
320,1,364,864,418,477,65,969,771,160,528,814,868,330
321,1,824,771,953,565,147,948,307,412,978,243,413,274
322,1,837,674,138,428,449,241,352,121,424,700,520,190
323,5,487,490,137,92,430,477,633,453,947,927,77,943
324,1,426,956,814,660,704,333,330,933,16,895,33,644
325,4,702,804,684,195,483,438,382,764,90,754,152,670
326,1,825,571,373,6,753,551,690,189,308,387,174,453
327,0,124,754,122,713,193,324,355,704,672,852,570,580
328,1,550,223,947,708,891,728,494,943,249,237,166,319
329,3,909,380,361,819,675,280,360,451,929,518,953,826
330,5,452,135,449,26,0,784,668,574,956,483,429,556
331,0,842,219,495,12,594,543,19,66,998,301,629,194
332,0,378,600,810,261,354,956,346,330,148,154,71,108
333,0,809,597,276,628,6,877,932,354,901,583,473,121
334,0,763,2,181,596,121,976,143,472,868,532,257,193
335,0,479,407,620,117,725,844,708,732,230,682,79,939
336,0,622,976,714,88,209,143,709,155,713,232,675,493
337,1,396,504,782,417,442,177,217,256,795,499,461,855
338,0,370,587,647,552,226,836,619,674,845,162,412,502
339,1,846,700,467,372,829,582,402,803,741,465,919,158
340,1,765,680,292,295,24,927,526,149,2,240,580,10
341,1,757,146,986,601,527,133,874,504,582,725,251,535
342,0,960,314,72,581,299,215,339,990,844,237,468,471
343,1,702,409,608,836,242,359,982,59,473,663,801,656
344,0,257,792,155,610,224,805,368,637,427,575,702,339
345,0,219,267,836,146,110,2,709,392,353,543,445,97
346,1,44,855,406,170,399,547,939,1,354,658,608,338
347,3,995,20,364,507,178,223,140,272,680,327,690,130
348,1,275,103,323,928,206,561,691,299,715,438,902,255
349,3,951,883,219,324,998,107,555,25,4,673,229,821
350,1,297,843,585,377,839,103,545,759,682,120,636,110
351,1,787,375,988,722,231,840,408,657,899,874,29,558
352,0,293,904,483,704,798,85,141,469,581,609,110,145
353,1,104,182,269,261,408,99,720,800,469,226,139,718
354,0,47,88,673,936,418,258,32,479,834,530,42,356
355,1,182,474,90,786,76,852,166,321,608,749,682,227
356,1,864,436,679,576,989,650,98,121,11,128,648,797
357,1,178,971,511,348,244,153,973,552,184,497,828,849
358,1,821,465,377,862,758,916,587,252,779,324,406,421
359,1,513,215,643,238,58,665,636,365,878,12,785,869
360,1,331,298,445,842,421,527,353,570,121,752,190,905
361,0,201,678,349,695,591,985,661,606,594,497,336,106
362,0,542,321,654,107,517,154,857,701,295,319,558,660
363,5,73,517,481,829,574,609,457,835,486,906,498,987
364,0,668,774,496,405,232,624,108,857,435,711,591,350
365,1,980,240,196,207,158,151,931,197,59,413,296,250
366,0,5,337,243,874,627,325,903,860,479,760,513,747
367,1,932,656,610,832,865,195,918,907,147,61,814,675
368,1,329,762,59,146,44,166,254,324,673,612,787,991
369,3,344,821,719,83,800,790,507,483,878,631,762,616
370,1,717,824,574,462,111,725,457,177,596,182,527,609
371,0,620,183,719,903,285,520,613,316,409,622,182,541
372,0,351,118,177,489,578,975,988,32,685,473,63,477
373,1,996,403,66,604,799,92,675,443,974,652,230,906
374,0,811,611,332,736,262,64,300,453,449,991,440,376
375,1,583,307,724,48,916,104,67,522,519,96,42,874
376,1,836,756,172,139,162,173,453,119,576,678,853,779
377,1,620,29,771,257,304,444,698,894,931,763,276,4
378,1,492,194,195,331,582,976,229,712,245,450,748,648
379,1,586,592,678,169,945,447,969,629,456,571,320,921
380,2,323,910,532,787,596,537,948,845,621,856,754,813
381,1,167,808,782,641,427,253,92,39,817,615,431,340
382,1,28,465,619,42,928,676,185,773,39,913,551,170
383,1,584,415,598,920,664,745,770,549,594,811,229,864
384,1,941,590,579,344,345,773,230,622,468,921,762,343
385,1,932,311,320,426,255,252,936,343,723,263,249,347
386,1,25,548,655,391,506,869,44,195,206,556,539,259
387,1,679,613,961,171,985,323,157,399,163,650,49,609
388,1,668,35,612,889,485,487,848,721,851,258,757,700
389,1,867,236,770,414,193,461,156,816,758,464,661,118
390,1,627,80,322,92,247,534,508,132,437,605,74,957
391,1,139,728,895,351,463,952,869,147,235,248,374,230
392,0,64,941,479,845,342,855,708,939,504,268,55,139
393,1,861,287,335,508,148,528,357,995,808,925,380,476
394,1,895,524,768,389,805,968,505,539,88,589,959,459
395,1,673,327,429,943,435,413,85,947,71,647,194,412
396,3,778,495,494,100,949,182,43,692,782,150,533,691
397,0,202,226,806,408,770,7,747,396,827,224,971,640
398,1,10,571,339,150,66,234,487,612,477,381,731,134
399,0,269,138,312,113,400,980,302,559,348,894,892,386
400,1,885,767,149,870,697,34,558,553,814,914,712,617
401,2,70,658,704,840,169,535,497,833,22,11,208,505
402,0,221,463,172,123,242,842,285,23,8,375,483,195
403,3,33,305,331,565,841,784,816,877,917,827,155,158
404,1,496,899,749,280,538,87,157,444,513,373,971,881
405,3,521,127,413,115,454,613,85,583,219,355,963,592
406,0,163,183,10,777,436,859,44,546,321,245,364,630
407,3,401,648,362,43,946,453,957,551,168,381,65,759
408,1,547,763,682,621,783,771,594,413,503,583,12,324
409,0,349,961,302,858,795,979,141,459,564,188,842,385
410,1,945,801,830,44,239,905,109,726,337,273,449,82
411,1,99,103,596,320,574,746,874,880,794,474,589,581
412,4,470,944,593,19,382,566,244,281,199,632,134,252
413,1,707,383,859,973,436,217,938,552,701,950,862,343
414,1,537,60,823,288,441,147,891,328,84,901,851,742
415,0,618,747,954,619,432,639,590,870,877,2,854,782
416,4,16,425,580,813,388,613,561,652,998,887,261,833
417,5,80,46,423,955,930,213,126,871,66,496,442,187
418,0,295,648,872,849,902,736,426,538,443,836,496,490
419,5,224,295,741,900,131,5,484,892,308,459,973,773
420,1,808,491,259,657,694,942,347,254,171,130,582,826
421,0,994,27,122,383,112,580,848,603,146,110,780,523
422,1,264,924,362,428,138,849,895,281,411,867,906,677
423,0,756,116,857,633,955,494,175,293,107,518,372,229
424,1,455,656,417,186,248,336,820,59,84,37,899,226
425,1,977,700,842,985,290,572,472,723,114,886,431,23
426,1,37,536,913,56,268,36,982,289,281,892,76,872
427,0,463,450,416,673,114,609,40,705,368,636,824,680
428,0,838,433,218,737,465,27,243,441,810,569,187,870
429,1,696,594,246,238,65,48,884,103,862,626,921,70
430,0,87,780,806,792,770,668,652,901,71,544,743,640
431,1,693,261,793,494,6,980,901,571,54,396,134,725
432,1,18,141,219,629,853,77,182,712,482,348,264,666
433,1,582,388,771,428,883,434,825,780,998,362,53,34
434,4,928,818,157,481,457,671,703,720,911,62,595,902
435,2,438,320,694,841,445,74,163,979,105,268,57,156
436,1,624,906,512,355,386,549,154,734,661,118,102,566
437,1,763,430,255,478,320,596,265,136,982,508,689,200
438,1,780,296,685,603,476,862,549,313,817,766,512,864
439,0,830,138,157,482,810,168,886,47,791,571,11,230
440,3,561,249,898,283,925,955,233,557,741,20,240,155
441,0,733,599,306,14,989,160,773,187,535,329,645,105
442,1,197,780,545,854,751,182,583,822,641,440,716,532
443,0,61,680,246,961,301,719,348,547,391,551,569,818
444,1,393,544,334,605,982,969,811,673,490,981,243,506
445,1,596,290,865,380,940,144,804,341,967,170,292,931
446,1,774,775,188,890,655,579,165,763,85,5,416,856
447,1,258,312,410,186,92,864,765,75,380,430,72,138
448,4,775,946,197,920,28,303,568,13,191,55,31,943
449,1,733,78,102,970,458,106,687,926,759,374,937,86
450,0,941,119,6,343,44,359,180,777,624,770,649,677
451,0,559,836,615,957,516,891,27,236,545,698,924,608
452,1,123,284,416,855,598,490,743,563,794,519,854,101
453,0,305,953,114,87,164,60,491,97,295,728,117,925
454,0,543,384,127,365,612,85,843,847,559,282,255,947
455,0,723,251,132,158,835,901,771,836,982,960,415,215
456,0,68,947,101,491,588,245,826,769,938,697,634,885
457,1,632,152,469,360,86,991,237,328,377,225,122,842
458,0,767,44,198,147,314,633,120,379,242,685,690,931
459,1,373,241,244,951,958,82,240,283,254,93,676,944
460,3,44,927,64,947,933,754,45,283,88,496,603,499
461,1,703,870,63,436,306,190,44,501,316,266,343,935
462,1,724,634,529,389,927,625,620,127,104,38,466,331
463,0,297,596,237,849,867,420,959,359,132,198,272,822
464,1,436,219,784,757,305,915,265,511,836,772,684,278
465,1,878,659,516,952,267,921,61,496,428,889,673,837
466,4,71,558,875,794,3,285,450,755,809,473,431,205
467,1,186,187,946,555,302,869,364,782,497,466,47,50
468,1,915,149,777,200,242,514,424,70,606,632,301,129
469,1,60,544,84,315,803,717,511,459,123,155,161,316
470,1,14,901,261,371,738,172,422,33,910,372,29,977
471,1,970,166,303,296,847,309,374,880,488,73,654,293
472,1,323,406,377,893,352,573,682,851,169,483,59,567
473,1,745,0,974,849,142,119,898,61,916,165,585,854
474,1,172,124,722,328,751,997,48,179,125,530,55,703
475,1,591,823,950,206,467,21,406,968,889,421,776,355
476,1,947,388,134,559,543,319,176,769,451,154,144,160
477,1,140,182,345,968,54,398,910,759,737,793,59,298
478,1,851,780,648,292,394,322,330,835,506,29,22,70
479,0,884,113,853,948,506,451,541,262,559,381,495,643
480,1,115,156,893,599,883,40,867,957,578,162,447,837
481,0,852,717,462,920,117,859,245,780,373,90,720,435
482,3,23,328,668,846,307,263,970,394,373,603,476,878
483,0,8,599,454,142,702,283,213,50,669,977,356,664
484,3,479,951,608,647,22,568,672,186,324,136,58,498
485,1,106,192,179,546,234,993,821,596,513,231,700,574
486,1,638,281,107,776,874,366,450,292,53,408,492,317
487,0,422,97,69,520,184,983,262,89,613,488,647,712
488,0,185,240,933,937,198,698,923,135,145,199,985,78
489,1,714,761,169,199,97,392,411,936,211,26,863,152
490,1,378,927,950,878,851,647,838,864,612,585,210,816
491,0,115,973,584,123,640,751,730,637,917,506,840,287
492,1,50,569,553,728,667,528,158,376,675,453,268,770
493,0,807,262,934,530,194,17,661,120,952,38,311,975
494,0,368,942,758,692,200,38,136,797,846,598,390,792
495,1,541,750,379,279,1,769,168,288,67,264,513,816
496,1,42,560,216,623,516,455,817,184,352,758,535,35
497,0,105,546,200,350,373,996,74,646,300,879,717,858
498,1,358,798,702,912,142,12,153,737,431,510,248,439
499,0,891,448,755,859,72,575,825,252,858,648,318,765
500,1,760,919,866,893,439,756,97,346,566,856,826,265
501,1,607,189,996,110,458,591,755,493,143,79,172,616
502,1,424,312,936,147,462,235,177,352,301,868,850,48
503,0,226,480,544,306,260,366,102,909,795,882,298,97
504,0,662,840,617,348,753,33,710,55,961,195,889,726
505,1,454,11,378,841,966,638,711,241,231,148,793,680
506,1,443,964,495,413,351,266,88,882,196,482,122,977
507,1,95,460,299,936,672,174,519,456,758,921,141,57
508,5,24,464,223,589,665,579,528,33,905,459,532,901
509,1,627,632,172,97,488,652,795,490,521,982,400,825
510,0,372,263,234,533,566,29,290,573,275,857,74,100
511,1,933,142,581,720,787,210,347,455,170,783,752,867
512,0,816,805,87,710,447,771,7,438,63,394,304,626
513,0,96,907,893,48,298,746,642,720,61,46,318,328
514,0,713,643,382,702,374,623,849,544,622,17,716,199
515,1,630,127,116,911,693,308,975,200,586,170,802,747
516,1,922,670,699,858,360,402,214,167,371,222,284,774
517,0,484,365,114,875,742,782,586,142,257,352,749,628
518,1,85,25,368,612,676,414,858,49,798,252,113,117
519,0,557,917,366,377,127,858,868,409,638,244,256,398
520,1,266,671,316,23,484,459,22,413,371,774,53,394
521,1,861,258,264,411,172,152,772,288,405,529,19,351
522,1,942,841,801,455,825,571,180,560,243,308,454,790
523,0,344,199,465,56,446,269,886,335,596,724,253,562
524,1,872,567,13,36,231,495,375,407,283,599,183,259
525,0,304,921,111,546,51,724,123,986,699,222,241,866
526,5,68,193,880,832,287,831,700,150,937,191,795,663
527,1,422,705,394,640,228,557,16,954,909,647,55,643
528,1,89,986,346,377,324,737,820,989,556,513,781,7
529,1,916,896,47,256,854,559,317,3,54,248,63,305
530,1,404,442,805,663,888,70,381,895,288,322,116,513
531,0,547,240,519,809,536,199,622,907,544,290,448,1
532,0,477,973,245,95,248,281,707,555,345,784,397,466
533,1,987,445,948,272,565,462,129,703,133,476,574,103
534,0,267,595,734,759,46,290,606,262,814,411,189,58
535,0,355,911,588,879,215,456,15,660,107,151,734,610
536,1,839,848,647,452,708,806,278,984,184,831,570,956
537,1,855,664,786,398,683,75,888,784,85,190,296,874
538,1,338,75,736,833,813,546,763,606,480,956,870,261
539,0,687,475,412,130,200,811,607,258,683,890,961,823
540,1,16,39,336,555,238,176,959,906,170,562,400,623
541,1,729,503,893,433,743,607,365,914,213,97,635,276
542,0,539,610,581,193,986,773,664,554,804,673,677,83
543,1,328,367,621,576,87,242,477,421,741,322,119,163
544,1,347,543,702,569,39,301,324,535,220,139,351,44
545,0,74,943,874,233,479,980,431,757,495,521,831,147
546,0,524,615,495,333,146,292,844,239,15,946,898,365
547,1,869,399,815,600,447,445,482,272,682,883,923,591
548,0,23,531,836,315,186,90,977,972,565,362,559,976
549,1,507,202,671,272,475,106,308,160,431,956,888,683
550,5,885,627,762,769,829,999,576,225,578,480,151,635
551,4,119,808,105,86,165,254,529,126,589,333,958,703
552,1,102,818,1,889,622,471,268,461,521,806,658,70
553,1,158,571,306,360,544,664,963,309,86,855,153,810
554,1,235,124,388,915,333,48,804,180,200,863,262,120
555,0,340,997,149,548,445,484,615,793,260,21,633,816
556,1,510,585,632,871,836,79,530,339,215,71,721,587
557,1,782,592,870,954,335,264,534,320,362,82,19,666
558,1,234,892,377,694,818,534,812,454,728,587,446,451
559,1,151,794,935,62,91,702,797,22,362,937,453,216
560,1,621,912,118,265,880,223,75,471,61,575,602,686
561,1,221,704,450,119,642,460,867,279,213,571,153,247
562,1,940,274,966,923,707,929,807,421,479,82,140,769
563,0,269,708,30,449,469,253,841,713,628,740,388,887
564,1,112,1,188,418,295,267,93,636,736,185,933,298
565,1,328,856,56,691,789,31,521,959,805,669,950,905
566,1,984,687,264,163,652,677,542,347,993,119,752,467
567,1,592,88,333,267,902,988,349,707,465,776,268,496
568,4,106,977,337,0,816,298,695,514,769,818,16,32
569,1,57,267,345,412,369,116,578,483,270,619,196,130
570,0,782,407,145,841,621,851,624,173,662,428,270,210
571,0,794,812,527,12,716,15,767,982,926,697,309,391
572,0,798,95,523,998,162,779,630,633,575,14,896,649
573,0,450,73,983,916,466,868,722,527,385,381,165,9
574,1,41,450,879,613,134,196,9,668,637,444,257,685
575,1,263,386,455,573,549,3,710,774,772,233,799,316
576,1,271,676,980,519,471,142,815,661,598,378,991,555
577,1,219,509,497,157,195,52,567,326,9,778,372,395
578,1,334,177,871,258,656,995,489,644,694,41,402,120
579,1,970,419,362,751,599,773,721,430,71,948,530,52
580,3,605,512,320,14,988,307,973,867,397,553,239,413
581,1,398,721,585,844,275,622,367,898,47,36,948,723
582,1,985,321,850,469,478,439,494,975,207,282,729,553
583,1,967,644,518,956,614,647,523,863,303,983,907,163
584,3,238,122,505,436,896,672,741,427,989,373,490,282
585,0,976,101,338,891,505,950,864,1,191,358,85,881
586,0,893,18,211,582,276,134,193,949,513,116,992,17
587,0,952,42,432,714,323,4,750,423,114,927,924,394
588,1,140,539,348,324,999,170,502,448,852,794,819,509
589,3,377,825,883,242,126,24,863,676,311,148,475,655
590,0,397,371,48,79,947,117,541,66,920,827,521,487
591,1,499,632,338,638,298,53,905,365,911,951,216,245
592,1,147,332,309,330,739,170,578,334,188,810,14,800
593,1,627,458,100,51,810,871,529,138,864,726,196,826
594,0,499,989,44,605,418,770,132,78,156,314,704,360
595,0,447,227,495,12,793,446,967,204,682,207,365,637
596,1,33,472,155,120,620,600,786,50,575,181,458,542
597,1,377,20,301,289,7,612,660,763,519,464,215,600
598,1,221,919,982,870,657,143,652,248,283,574,249,784
599,0,99,360,191,500,532,354,798,524,159,575,67,802
600,0,996,687,16,32,455,627,340,803,326,452,646,520
601,1,396,290,891,161,914,632,314,212,29,653,781,727
602,1,111,692,791,89,369,719,304,667,220,782,444,638
603,1,764,122,256,648,829,319,875,777,520,524,42,853
604,0,580,812,645,188,986,869,108,116,44,538,716,391
605,1,911,929,532,664,102,607,476,219,598,772,77,441
606,1,724,121,415,966,993,573,674,967,211,531,219,992
607,1,737,660,671,380,408,734,493,58,698,462,299,312
608,1,52,947,186,212,460,508,774,502,122,866,50,820
609,1,259,788,13,941,958,311,53,980,999,669,132,140
610,0,424,214,348,673,61,268,245,256,298,896,951,900
611,1,399,659,588,614,617,743,578,366,408,488,745,314
612,1,90,883,64,137,119,623,362,676,80,829,843,878
613,3,350,878,661,397,26,373,379,541,781,736,557,799
614,0,868,176,641,377,787,20,850,715,786,501,514,30
615,1,866,357,398,106,912,746,926,107,581,480,100,572
616,1,323,129,742,61,771,95,188,339,193,215,34,22
617,1,464,987,116,252,789,409,303,304,536,46,156,394
618,4,975,575,608,888,947,827,334,257,252,721,216,475
619,4,561,722,7,71,301,943,109,160,212,756,607,792
620,1,563,259,850,341,176,820,982,804,327,129,262,789
621,3,636,168,394,491,393,680,641,767,15,275,785,113
622,1,209,663,302,912,666,127,179,925,743,338,69,858
623,1,312,803,227,251,833,693,825,707,754,300,164,855
624,0,293,590,524,792,178,929,76,95,536,825,673,562
625,0,834,616,615,18,223,418,752,951,487,871,310,750
626,1,981,210,821,594,207,547,359,406,697,466,571,217
627,1,821,692,598,102,913,103,907,705,576,961,676,416
628,1,121,447,507,104,485,645,517,875,800,901,693,726
629,1,788,358,270,151,714,225,985,822,615,4,625,437
630,1,698,920,286,320,278,841,78,263,654,382,271,839
631,3,604,414,310,93,951,583,411,442,70,792,869,233
632,1,798,600,373,182,664,311,510,615,853,315,961,319
633,0,420,527,563,49,453,799,698,695,161,537,128,168
634,0,47,495,682,211,494,8,866,793,677,750,978,831
635,0,524,172,456,576,838,62,512,674,226,939,691,241
636,5,886,409,62,105,833,827,991,935,666,104,583,570
637,4,350,629,963,705,676,492,208,275,596,89,595,305
638,0,793,308,610,85,122,943,863,500,555,434,948,483
639,3,326,38,111,155,903,638,322,974,419,75,723,157
640,1,472,670,36,836,136,899,336,866,976,496,5,259
641,3,501,375,414,138,614,701,455,166,602,756,4,841
642,1,966,682,913,526,299,39,262,691,818,154,528,937
643,1,805,153,788,945,111,830,515,864,385,601,983,720
644,1,679,596,890,155,316,229,300,594,843,835,32,569
645,1,718,709,741,79,703,237,8,678,354,37,711,784
646,1,500,519,126,222,719,552,294,172,236,300,941,879
647,1,63,269,785,560,353,158,439,873,386,706,858,178
648,1,736,558,771,270,918,437,619,215,295,683,176,478
649,1,803,426,885,525,815,789,419,309,360,796,965,459
650,1,700,987,280,443,549,226,879,998,482,316,697,383
651,0,454,552,70,226,290,731,137,15,473,996,558,8
652,1,185,57,102,568,920,402,447,385,710,856,267,389
653,3,9,464,7,333,744,558,602,159,86,258,321,295
654,1,362,445,630,953,132,486,571,972,208,165,734,310
655,1,490,897,59,607,853,924,568,315,967,554,254,465
656,5,925,774,547,230,824,622,379,197,867,736,619,590
657,0,793,597,477,18,695,411,343,170,4,275,894,124
658,0,795,265,459,254,688,151,968,724,29,142,238,958
659,1,660,813,904,133,687,982,595,438,654,138,801,580
660,1,26,412,882,40,769,401,914,41,649,113,124,938
661,1,984,327,778,714,293,769,782,970,44,230,909,114
662,4,676,633,637,741,167,454,830,773,304,946,41,683
663,1,396,53,772,545,306,105,408,706,214,197,210,14
664,1,880,646,889,910,19,164,794,641,749,731,602,687
665,0,593,225,871,733,775,898,250,465,709,135,253,702
666,1,779,878,84,78,243,788,102,632,228,136,916,220
667,0,793,499,500,162,900,111,520,460,350,789,53,968
668,1,660,507,684,187,377,310,47,368,593,454,645,135
669,5,386,585,999,551,679,802,129,289,736,21,180,884
670,0,223,827,414,238,958,390,370,839,446,700,293,785
671,1,187,348,351,594,624,525,814,622,305,387,981,958
672,0,970,222,196,721,498,56,815,455,184,521,320,356
673,1,418,287,440,278,789,621,836,980,862,782,449,99
674,1,857,463,400,703,83,640,652,387,214,390,227,821
675,1,983,989,147,527,373,757,684,369,645,696,122,402
676,0,959,452,158,398,938,425,355,622,274,920,477,197
677,1,68,293,535,744,442,44,39,125,510,630,12,311
678,1,249,320,970,998,688,132,118,56,812,55,334,371
679,1,534,854,940,486,3,116,317,873,883,657,742,648
680,1,161,692,580,42,497,837,222,572,648,229,123,985
681,1,319,117,520,592,449,841,638,621,899,158,194,293
682,1,250,829,477,806,766,341,653,797,205,479,154,40
683,0,949,620,925,318,663,315,351,837,171,845,570,805
684,1,668,438,891,95,382,994,713,509,605,433,960,601
685,0,160,993,196,571,799,181,714,304,659,226,407,687
686,0,547,519,820,101,963,30,603,551,463,951,809,824
687,0,191,707,982,672,205,10,22,953,350,594,548,112
688,1,904,800,89,670,740,823,500,755,806,122,451,358
689,0,101,782,887,58,378,944,419,7,945,31,556,635
690,1,817,931,310,468,618,856,880,875,580,616,597,279
691,1,152,866,528,30,560,689,319,386,814,643,352,177
692,1,270,302,53,431,241,717,189,220,280,759,59,583
693,1,564,898,93,555,678,868,101,198,61,13,480,478
694,1,750,749,713,855,561,179,751,551,382,523,109,364
695,0,932,305,29,168,935,11,490,758,7,416,953,239
696,0,109,893,370,241,719,161,464,256,309,740,190,147
697,1,220,901,750,433,415,248,409,544,211,559,512,85
698,1,632,705,926,452,299,640,843,291,116,111,796,771
699,4,383,886,78,912,660,298,840,533,484,392,784,313
700,3,122,266,127,977,376,903,303,714,804,454,576,279
701,1,53,851,55,552,861,200,565,143,101,656,180,518
702,0,535,869,648,431,709,581,94,220,421,974,180,746
703,1,727,669,729,608,723,985,947,589,367,582,309,40
704,1,388,501,576,519,281,946,612,982,875,189,681,15
705,1,909,676,922,335,865,491,190,821,589,175,113,586
706,1,299,131,631,955,665,443,75,278,579,425,488,855
707,0,449,909,76,215,500,2,454,121,827,570,79,951
708,1,343,247,222,292,852,421,374,356,813,850,25,805
709,1,623,271,167,906,157,414,893,66,118,838,596,699
710,3,67,306,0,639,210,110,642,543,23,57,717,622
711,1,848,725,642,343,533,946,131,329,615,393,868,20
712,3,449,258,57,98,398,19,925,793,161,205,636,32
713,1,438,453,248,487,247,477,126,593,91,468,320,758
714,3,998,79,419,826,911,433,120,274,824,351,960,346
715,0,704,835,406,252,308,954,443,160,980,117,15,435
716,1,782,597,118,116,815,513,282,229,339,99,464,947
717,1,656,969,764,161,736,687,275,761,611,98,905,988
718,0,583,777,138,200,365,872,381,344,884,960,182,163
719,0,794,395,649,741,496,288,68,452,842,82,793,93
720,0,656,872,908,566,108,991,709,144,694,910,644,289
721,1,369,629,241,537,535,647,6,319,946,917,543,819
722,0,719,581,3,172,781,412,41,575,188,55,5,854
723,0,726,200,540,935,872,121,812,105,485,515,982,131
724,1,198,743,277,597,374,572,905,936,20,972,479,557
725,1,82,515,852,427,379,686,582,47,517,469,907,249
726,0,295,589,559,981,28,324,759,602,929,519,506,105
727,1,280,561,233,2,101,421,283,899,582,775,550,374
728,1,862,533,150,286,303,768,934,550,60,766,831,963
729,1,226,523,777,924,992,370,651,949,785,891,267,108
730,0,82,200,775,858,540,449,887,885,753,705,139,997
731,1,336,302,624,116,773,108,681,761,168,28,779,142
732,0,227,725,355,195,839,464,474,152,3,799,285,369
733,3,975,22,126,527,496,714,996,38,53,839,581,330
734,0,457,92,223,611,800,823,939,454,80,749,576,151
735,1,293,245,489,902,768,787,378,414,441,274,748,780
736,3,581,37,798,68,598,438,256,443,297,18,755,502
737,5,870,975,640,963,459,112,691,332,884,712,549,167
738,1,857,884,426,953,255,514,324,618,489,944,660,162
739,1,967,190,506,1,588,615,232,540,323,59,591,115
740,1,343,803,73,119,645,6,254,685,417,194,60,580
741,3,709,583,451,700,925,19,376,3,494,24,25,357
742,1,19,681,975,260,628,496,940,827,338,907,259,877
743,1,980,175,981,314,674,481,711,791,608,229,908,835
744,3,643,959,890,78,316,246,24,254,143,980,662,68
745,1,208,587,946,136,805,374,811,210,475,410,27,925
746,1,849,648,365,543,937,60,226,288,889,377,874,697
747,0,62,890,127,157,121,814,631,192,23,250,942,702
748,1,326,456,926,780,164,531,365,599,74,40,442,143
749,1,856,851,622,953,579,33,319,838,737,94,992,664
750,0,566,784,516,664,694,743,314,165,219,177,365,79
751,0,535,551,678,902,126,261,101,570,12,183,192,489
752,0,776,561,216,942,786,471,691,512,619,399,751,23
753,1,559,703,67,505,725,849,685,14,512,779,145,903
754,1,989,822,15,548,547,759,870,153,479,652,189,661
755,0,862,594,553,766,156,690,940,883,712,78,550,197
756,0,23,513,184,787,282,253,799,263,853,969,117,218
757,1,91,414,598,176,246,102,364,314,800,319,290,199
758,0,862,553,79,223,640,776,738,505,358,31,184,787
759,3,168,693,258,587,272,107,267,206,728,714,48,321
760,1,794,712,669,714,929,253,719,931,302,765,731,528
761,1,442,365,725,424,315,514,894,502,531,649,713,560
762,1,998,65,454,13,907,470,549,387,126,332,161,379
763,1,275,489,583,780,715,412,171,635,95,935,318,730
764,1,737,616,105,327,307,670,965,926,495,744,777,429
765,1,201,879,415,232,259,161,92,52,974,548,546,280
766,1,59,847,999,327,658,569,251,977,523,128,402,763
767,1,926,314,360,763,381,327,570,768,538,122,890,549
768,1,767,315,646,547,298,476,228,460,957,732,446,997
769,1,889,552,437,600,465,738,133,861,378,588,968,349
770,1,364,452,388,374,372,36,58,6,907,844,488,622
771,0,967,918,874,829,646,989,673,539,994,836,533,719
772,1,688,180,507,666,797,807,784,38,907,26,308,757
773,1,43,667,628,383,766,530,767,556,755,323,839,309
774,0,913,930,982,557,685,910,508,413,868,619,116,782
775,1,95,161,7,992,683,971,438,994,939,425,433,190
776,1,6,715,927,649,193,174,689,562,121,619,543,712
777,3,279,577,435,582,950,383,178,769,667,55,905,410
778,1,697,682,25,841,203,88,163,751,796,238,440,990
779,0,38,885,760,27,345,944,865,788,358,536,156,651
780,4,88,280,495,373,851,464,664,494,497,876,857,221
781,3,763,421,747,193,651,719,212,139,317,757,894,907
782,1,581,261,937,64,920,850,39,363,473,570,16,700
783,0,511,526,503,174,777,818,84,692,749,17,486,680
784,1,288,622,666,537,627,117,301,281,875,739,599,491
785,1,570,305,681,657,308,987,323,699,182,739,259,948
786,1,355,88,204,842,676,585,432,178,643,773,894,617
787,0,681,742,951,358,693,108,863,638,482,674,463,745
788,1,955,359,536,793,468,655,282,522,436,262,27,974
789,1,459,571,703,406,600,934,645,389,810,852,584,678
790,3,788,337,932,640,11,872,560,975,300,892,471,304
791,1,533,505,15,514,226,418,29,405,861,473,305,893
792,1,461,65,239,534,66,168,362,128,452,738,785,899
793,1,461,424,604,916,410,154,130,274,595,717,46,295
794,1,951,889,758,479,383,52,703,205,131,780,813,711
795,1,876,33,860,170,700,59,461,678,466,424,123,608
796,1,998,845,157,560,508,536,285,160,665,696,947,439
797,1,478,846,354,311,992,963,864,648,575,592,867,881
798,1,144,222,910,922,89,74,525,405,362,48,489,401
799,3,196,338,48,427,361,316,957,794,253,678,239,994
800,1,223,807,828,778,166,113,354,395,278,817,512,691
801,0,494,501,770,596,339,705,179,980,915,154,757,246
802,0,926,985,459,288,300,98,181,6,948,853,602,332
803,3,820,633,509,344,827,106,691,178,757,529,620,142
804,0,97,835,463,745,610,658,789,41,998,178,709,750
805,3,960,822,416,843,546,966,991,530,199,765,475,901
806,1,509,861,996,400,413,682,410,40,460,965,866,707
807,0,160,83,874,82,761,552,921,123,24,688,520,151
808,3,685,897,444,330,522,126,675,442,173,161,936,517
809,0,19,271,696,690,775,445,512,961,958,149,279,663
810,1,714,191,734,925,568,89,193,475,553,817,262,469
811,0,123,872,132,13,28,702,772,880,876,613,624,260
812,3,539,946,547,668,46,173,66,453,302,425,925,813
813,0,117,780,579,787,637,227,233,904,23,744,179,183
814,0,192,385,597,945,130,975,624,128,388,639,505,0
815,0,754,104,837,552,234,347,871,847,478,286,597,264
816,1,520,568,990,236,948,480,386,301,514,278,776,580
817,0,993,499,582,653,820,572,758,19,469,503,841,510
818,1,489,957,931,137,4,47,860,928,832,873,119,662
819,0,704,266,359,854,951,331,773,991,436,313,534,722
820,1,151,331,34,164,640,426,355,434,509,487,744,163
821,3,232,728,383,282,73,605,180,70,242,125,966,568
822,1,613,844,23,480,860,778,5,503,195,579,824,821
823,4,962,221,935,144,968,64,975,77,945,724,121,177
824,0,127,553,195,778,316,574,520,107,111,105,971,208
825,0,862,401,519,666,393,167,839,591,971,887,481,331
826,0,584,96,757,10,926,859,340,509,573,965,450,471
827,1,887,593,830,189,409,338,825,361,276,775,849,664
828,3,796,256,932,282,811,252,774,893,426,680,201,435
829,0,461,137,354,814,833,810,73,249,692,748,851,39
830,4,144,661,900,624,251,829,424,625,864,118,178,796
831,1,174,317,134,969,808,451,979,882,259,936,778,766
832,0,125,948,520,493,985,171,843,341,7,995,555,608
833,1,399,478,941,87,347,560,675,327,913,901,739,498
834,0,391,866,790,308,93,521,24,127,314,474,998,251
835,0,106,252,145,889,812,649,531,787,438,195,678,555
836,0,842,617,89,695,301,332,664,159,420,533,249,328
837,1,977,573,250,547,559,64,619,955,946,190,108,609
838,0,795,851,529,820,850,877,583,804,737,22,961,809
839,1,563,954,607,231,958,47,837,249,885,432,58,973
840,1,505,209,695,579,242,758,52,705,99,147,320,667
841,1,864,9,671,332,365,616,830,289,79,733,203,630
842,0,39,639,17,652,956,613,303,969,405,177,983,369
843,1,273,229,609,588,841,82,935,984,892,591,644,727
844,0,80,701,639,463,12,833,981,310,924,979,457,644
845,1,199,957,883,728,88,532,559,467,161,114,432,792
846,1,451,254,585,809,878,81,271,171,666,322,655,507
847,0,459,233,148,724,846,892,463,629,132,509,445,111
848,1,489,740,793,259,458,649,993,553,916,907,754,618
849,1,67,349,742,857,915,973,540,245,318,631,914,107
850,1,696,893,395,85,357,465,199,253,758,185,259,107
851,3,807,345,525,577,981,777,839,893,424,385,514,401
852,1,446,847,736,256,737,392,590,580,897,100,214,60
853,0,976,869,85,921,720,276,918,678,225,920,735,448
854,2,559,720,517,722,781,439,964,698,513,434,546,446
855,1,982,754,232,687,924,647,943,359,581,141,640,923
856,1,938,717,961,729,435,42,935,479,434,679,794,195
857,1,947,286,590,636,516,911,755,743,753,81,399,560
858,1,381,754,93,235,283,541,762,953,100,741,845,562
859,1,726,284,529,110,980,525,159,190,559,107,152,972
860,0,686,553,270,960,508,204,251,518,877,633,171,622
861,1,300,812,123,519,208,584,577,349,214,733,762,693
862,2,94,330,252,375,718,734,307,523,85,831,296,733
863,0,372,640,454,286,171,811,255,19,656,654,368,702
864,0,185,34,42,142,811,178,417,365,385,401,863,368
865,3,861,879,346,894,334,492,250,593,662,897,389,843
866,1,673,412,648,179,335,682,922,356,956,548,538,517
867,0,976,654,634,314,750,78,59,641,816,793,202,457
868,0,2,461,394,176,648,250,417,439,396,63,468,141
869,3,365,361,496,976,218,445,858,207,100,73,107,512
870,0,70,459,727,578,880,464,515,199,644,471,94,851
871,1,130,525,786,550,527,966,3,243,78,325,984,194
872,1,34,925,656,270,758,291,55,755,39,671,526,309
873,1,118,137,766,198,715,291,196,815,424,774,303,901
874,1,54,192,617,677,37,550,348,470,924,274,451,231
875,1,903,246,257,10,935,47,209,881,120,439,730,159
876,0,705,928,716,904,200,582,862,695,219,948,285,69
877,1,360,283,602,843,825,754,415,201,965,978,815,436
878,5,778,235,247,411,945,532,86,765,638,703,860,192
879,0,21,775,178,138,746,262,98,311,514,54,6,562
880,1,39,488,465,940,587,624,352,211,136,439,725,89
881,0,282,237,900,876,169,565,294,925,172,921,610,45
882,1,644,9,584,787,218,994,877,305,221,19,840,822
883,1,508,831,911,443,73,740,42,477,967,550,458,460
884,0,894,184,89,506,385,342,21,240,230,694,347,783
885,1,74,24,723,162,203,693,72,279,992,157,36,184
886,1,192,20,463,974,956,888,896,50,217,208,388,947
887,1,630,363,501,917,416,348,397,73,663,841,255,262
888,1,469,600,588,441,223,365,651,772,29,628,978,945
889,3,168,43,418,171,914,561,608,525,599,866,494,80
890,1,918,486,624,8,278,504,709,483,317,131,676,758
891,1,790,167,657,46,295,11,277,962,857,639,939,553
892,1,149,446,338,811,605,146,124,153,76,429,500,164
893,1,863,434,629,631,338,44,395,473,426,644,839,298
894,0,919,163,879,824,367,74,282,509,695,980,971,349
895,1,159,624,309,633,230,85,630,466,971,337,233,815
896,5,976,556,812,456,988,473,443,341,2,690,163,526
897,1,321,360,821,391,0,608,521,580,251,865,944,583
898,1,254,154,985,128,198,514,302,342,361,611,419,934
899,0,105,199,39,457,411,354,327,121,663,836,816,696
900,0,320,296,560,230,794,983,405,339,258,670,949,598
901,1,515,21,116,776,413,935,99,306,793,132,926,792
902,0,70,778,938,404,896,486,495,30,627,832,197,716
903,3,446,164,325,863,403,842,178,602,320,831,511,806
904,0,789,322,210,423,897,740,639,921,233,426,471,538
905,1,331,204,53,258,409,246,55,914,416,432,507,776
906,1,482,653,869,825,741,600,638,480,610,797,716,316
907,1,195,333,423,451,418,231,607,809,147,97,898,770
908,3,878,623,64,482,813,442,362,434,509,760,741,555
909,1,918,700,989,566,912,890,304,840,520,83,454,142
910,1,780,904,518,210,556,808,600,200,676,579,797,117
911,1,241,452,410,406,871,49,542,339,176,773,59,67
912,1,76,102,585,33,681,71,802,332,620,974,965,230
913,1,416,56,919,331,476,767,366,871,402,531,151,618
914,1,846,503,295,506,954,29,994,437,537,800,4,294
915,0,550,560,308,194,695,944,100,46,873,843,484,374
916,1,592,694,648,690,590,170,758,255,433,811,876,533
917,0,709,201,763,963,810,13,928,626,888,243,897,267
918,0,881,227,42,50,178,560,154,278,371,89,713,97
919,0,47,778,275,231,570,758,386,791,630,661,20,369
920,3,694,996,625,440,180,340,236,568,217,636,976,312
921,0,718,384,614,293,570,783,739,771,845,1,924,934
922,0,602,556,584,318,763,9,826,451,91,552,585,11
923,0,39,756,737,591,922,27,664,609,666,713,831,738
924,2,684,344,379,54,37,230,508,872,905,688,73,31
925,1,845,2,784,953,578,361,914,537,553,544,864,920
926,3,828,835,832,404,783,751,401,874,334,24,659,316
927,0,998,58,507,169,746,203,590,446,307,322,202,216
928,1,554,539,98,307,993,557,292,688,673,80,588,921
929,1,379,912,336,123,609,289,391,416,645,388,454,351
930,0,196,301,187,631,915,199,710,230,103,912,521,660
931,0,572,849,762,16,827,726,761,107,914,286,368,37
932,0,761,143,394,59,504,820,780,856,735,501,7,759
933,0,902,683,780,143,659,419,402,20,859,768,734,817
934,1,833,327,228,683,636,430,766,164,724,589,364,632
935,1,266,620,190,984,750,878,749,908,776,347,967,189
936,1,555,469,478,886,11,683,473,457,145,774,595,133
937,3,43,417,181,485,839,372,146,898,349,57,941,292
938,0,38,532,1,163,703,526,491,560,72,131,213,831
939,0,764,89,587,409,103,191,943,361,924,167,429,330
940,1,483,303,465,785,141,198,722,890,126,583,489,125
941,0,417,368,542,687,637,261,992,90,882,44,314,452
942,0,945,964,675,436,31,454,943,184,724,403,351,459
943,0,486,952,219,767,32,382,563,24,628,694,194,711
944,2,669,841,881,693,396,134,917,642,360,314,516,41
945,1,893,301,218,36,46,294,649,355,857,583,109,984
946,4,212,814,566,480,188,304,958,675,77,299,203,804
947,0,293,421,208,993,426,794,119,819,134,561,390,964
948,1,690,890,751,281,436,216,814,748,124,235,698,43
949,1,806,189,45,874,464,989,443,327,155,809,5,99
950,1,866,570,103,204,181,145,961,371,533,603,915,656
951,1,127,635,642,132,802,154,836,948,930,634,486,253
952,1,280,242,383,98,46,161,981,648,940,505,324,708
953,0,857,175,475,789,527,139,826,927,885,886,472,262
954,1,174,346,326,338,260,724,826,237,254,62,712,905
955,1,445,579,585,644,128,902,490,8,156,980,881,400
956,1,399,592,359,814,490,389,620,521,431,615,46,899
957,1,731,99,938,19,886,597,598,691,963,813,935,122
958,1,863,620,43,512,668,789,460,413,742,204,416,411
959,0,750,717,508,92,436,192,62,408,968,606,55,845
960,0,856,94,521,388,730,756,904,647,425,52,145,503
961,1,578,778,384,556,775,667,923,990,629,611,913,58
962,1,433,326,652,553,908,358,237,558,169,327,69,540
963,0,367,288,578,283,449,296,222,147,795,992,785,759
964,1,958,60,372,504,671,32,59,327,802,705,639,969
965,1,848,392,406,674,952,934,648,754,940,274,625,972
966,3,17,734,314,728,186,292,934,737,863,421,160,746
967,1,773,854,704,11,595,272,644,923,927,807,723,661
968,0,2,753,871,516,887,405,226,262,437,799,430,958
969,1,145,134,992,112,38,873,780,261,910,759,347,906
970,1,894,955,220,453,43,757,395,606,795,254,216,235
971,0,50,19,443,361,631,525,218,435,692,713,295,385
972,0,653,146,168,689,593,611,675,229,644,912,199,207
973,1,828,531,890,415,304,803,938,402,693,375,696,625
974,1,871,453,854,846,513,847,346,221,4,554,985,549
975,0,193,312,741,591,28,689,217,16,678,304,747,500
976,0,869,273,763,882,805,142,590,746,634,439,478,620
977,0,230,836,694,384,402,575,394,484,530,376,208,858
978,0,585,828,102,292,460,660,683,539,86,865,513,230
979,1,411,478,401,371,282,776,398,779,74,178,70,848
980,1,580,227,678,373,711,11,775,355,736,506,602,68
981,1,744,591,349,251,539,743,390,706,776,201,608,795
982,1,996,826,115,719,711,780,301,819,97,581,575,197
983,4,250,345,368,630,967,790,123,765,196,960,779,804
984,0,553,790,971,78,611,104,232,135,255,545,711,844
985,3,318,266,927,56,39,766,806,842,362,204,535,537
986,1,100,954,41,829,907,614,932,541,106,622,468,212
987,0,421,499,982,753,737,518,777,555,800,203,600,501
988,1,487,740,457,377,502,695,898,37,424,279,455,664
989,0,666,615,65,808,657,922,669,12,793,608,74,357
990,0,526,793,537,356,555,878,701,674,55,200,288,707
991,0,167,427,21,106,634,400,985,613,876,493,717,49
992,0,979,384,60,299,927,4,908,114,359,758,467,70
993,1,585,137,453,992,706,696,874,701,837,685,476,264
994,1,629,49,307,116,177,361,802,141,844,257,195,896
995,0,2,384,172,411,854,154,32,775,508,768,760,340
996,0,189,14,994,797,174,711,307,132,128,501,0,590
997,1,593,681,995,213,819,938,208,667,996,801,639,256
998,1,275,408,746,692,444,387,262,688,459,462,190,180
999,0,18,745,787,349,783,923,99,571,164,457,651,538
