0,1,914,787,223,291,8,388,545,836,445,183,421,863,978,260
1,1,889,890,286,152,708,435,966,863,653,348,516,277,866,130
2,0,464,875,375,854,785,448,277,338,830,594,213,538,787,535
3,0,860,869,844,76,377,633,591,322,877,931,539,259,501,661
4,1,609,522,564,930,248,113,35,621,790,315,380,660,751,396
5,0,237,464,821,993,146,804,513,907,397,836,492,676,956,366
6,0,960,283,400,223,496,26,845,724,427,648,710,983,337,229
7,1,972,168,233,70,893,882,254,894,943,806,931,447,597,144
8,0,537,44,77,876,63,592,78,80,558,479,418,200,313,325
9,1,158,220,105,556,273,523,166,179,134,687,395,906,246,208
10,0,943,591,879,640,382,478,183,38,501,35,850,782,568,794
11,5,363,47,500,243,43,117,483,398,403,420,851,863,255,557
12,1,948,58,880,266,13,271,133,489,736,566,309,67,167,218
13,1,135,570,487,906,527,465,210,650,616,535,10,774,752,226
14,3,283,721,740,562,682,585,364,508,713,210,239,947,798,918
15,1,949,603,20,533,790,858,521,891,408,629,547,968,245,94
16,1,905,668,873,717,77,972,476,151,640,631,946,764,40,149
17,1,557,181,830,18,938,787,649,170,565,47,94,836,371,669
18,1,795,153,635,141,487,731,37,187,432,708,869,523,221,953
19,0,46,573,401,711,249,585,677,971,517,725,859,850,825,656
20,1,91,837,396,640,821,665,891,166,958,74,545,332,784,154
21,1,773,268,862,204,171,275,561,47,40,417,667,252,834,485
22,1,123,975,450,899,283,824,998,368,73,518,175,593,767,482
23,0,867,66,405,64,38,29,647,216,981,885,109,228,932,705
24,3,530,42,468,194,596,422,251,625,941,920,663,786,952,643
25,0,392,992,155,960,585,682,982,910,300,332,934,528,289,28
26,3,115,413,899,810,85,230,989,526,902,737,844,166,588,878
27,1,547,470,567,750,210,796,9,492,322,549,171,466,471,660
28,0,571,543,125,141,618,239,407,346,769,796,328,345,121,952
29,1,533,957,258,570,768,93,640,314,442,154,90,174,204,821
30,2,832,633,23,544,738,136,348,787,908,981,63,917,320,266
31,1,296,75,465,366,394,814,197,346,570,113,875,471,779,311
32,1,740,377,117,57,586,259,368,548,749,499,672,821,347,850
33,3,753,40,898,731,349,404,341,350,735,497,67,988,300,487
34,0,430,459,35,948,635,731,422,468,869,273,683,314,698,208
35,0,952,575,563,817,217,90,675,298,204,956,287,610,667,910
36,1,103,380,892,138,977,511,97,972,174,815,171,636,269,659
37,0,240,233,809,719,143,739,615,723,804,443,742,392,223,610
38,1,842,96,472,541,222,589,274,2,617,991,744,345,10,423
39,4,858,395,680,618,138,518,250,914,244,49,660,882,885,920
40,1,930,466,727,661,192,3,887,692,612,112,972,96,701,252
41,0,598,558,328,772,404,302,708,228,916,20,349,380,962,681
42,0,98,887,430,830,40,791,807,45,188,494,283,356,48,439
43,0,470,940,137,724,807,256,483,942,770,794,989,32,247,529
44,1,602,657,209,348,549,170,792,595,12,754,383,565,951,962
45,1,198,864,101,830,406,72,195,842,253,602,630,560,73,736
46,0,265,67,38,480,779,435,834,240,552,23,395,235,72,984
47,1,73,356,969,155,721,215,521,205,374,317,549,703,429,809
48,1,377,774,739,318,550,877,517,176,801,810,515,906,113,439
49,1,923,572,836,579,491,950,767,22,428,741,398,743,290,673
50,1,350,282,636,969,49,873,196,483,415,21,98,292,722,757
51,0,614,975,950,282,196,665,450,411,760,148,787,873,350,403
52,1,996,86,216,658,575,133,410,377,213,816,346,142,843,514
53,1,992,994,973,375,11,933,802,915,887,395,338,547,180,898
54,0,699,462,46,73,117,586,929,986,767,776,57,659,744,415
55,4,397,307,34,748,972,719,193,723,85,780,384,717,442,19
56,0,324,559,675,73,687,37,346,307,165,540,112,263,349,11
57,0,148,389,933,725,908,544,259,6,230,134,332,752,909,222
58,3,317,119,525,76,637,540,90,885,676,772,224,96,992,248
59,3,959,527,551,639,979,640,175,584,691,628,778,948,437,476
60,0,149,58,610,621,354,627,891,54,997,854,736,513,234,547
61,1,8,782,3,437,907,705,254,685,375,296,197,270,959,161
62,1,296,185,553,444,394,126,839,644,683,850,831,636,764,898
63,1,637,449,136,168,951,766,849,659,307,639,550,822,200,759
64,0,542,75,658,565,491,707,716,125,276,551,853,241,324,194
65,0,439,250,938,41,68,752,146,102,888,773,126,768,623,913
66,3,929,396,881,628,284,550,610,755,374,798,962,646,474,427
67,1,673,837,961,103,413,73,895,246,570,725,332,677,475,865
68,0,914,255,992,548,809,724,417,460,535,512,867,397,675,552
69,1,604,804,481,841,908,905,649,800,850,218,258,846,239,579
70,0,855,419,805,0,874,503,457,193,879,236,312,116,269,549
71,1,39,683,462,16,636,44,286,19,563,572,857,713,957,439
72,0,694,712,428,810,959,223,348,184,728,774,119,794,721,56
73,0,449,296,220,50,14,806,402,715,663,35,323,730,810,351
74,1,107,150,521,451,348,422,955,182,368,699,127,12,749,626
75,1,129,232,420,373,798,895,466,865,927,795,853,32,720,532
76,1,757,606,763,836,435,682,342,194,680,906,421,609,114,54
77,1,827,589,189,369,692,318,480,958,145,821,691,43,119,331
78,0,527,418,75,272,759,961,878,318,213,396,211,108,734,538
79,1,17,668,101,746,913,907,792,310,240,88,431,793,776,113
80,0,734,310,585,754,159,873,392,846,807,990,888,647,54,290
81,0,484,981,742,944,632,308,925,405,523,82,477,960,72,551
82,0,262,318,451,889,215,41,998,154,683,100,591,706,610,863
83,1,338,340,198,98,660,491,211,179,333,36,913,779,532,51
84,1,618,28,337,44,729,610,256,38,547,118,275,347,459,211
85,0,550,120,625,786,792,879,686,753,853,545,174,685,1,256
86,0,912,656,360,276,800,368,643,23,722,370,521,524,146,543
87,0,84,82,802,873,603,929,881,249,742,28,790,325,816,990
88,1,519,738,123,296,33,701,107,15,792,89,190,574,869,686
89,0,566,355,144,484,950,472,159,612,255,776,310,170,539,651
90,3,709,467,297,301,806,335,940,931,47,544,714,33,695,656
91,1,8,735,749,468,327,667,467,476,997,262,336,214,868,70
92,1,571,793,845,510,506,490,367,663,583,433,187,347,123,53
93,1,448,304,670,971,861,83,404,940,256,691,175,611,114,446
94,1,683,958,443,548,518,739,509,465,887,570,935,379,40,595
95,1,823,134,249,616,787,511,559,497,82,295,343,49,997,327
96,1,814,855,882,345,185,486,879,277,846,893,516,153,170,933
97,1,671,423,64,285,923,474,982,557,883,939,772,316,504,845
98,1,43,442,13,754,595,861,447,265,771,612,729,149,68,661
99,0,729,392,538,769,457,40,638,158,978,214,782,458,789,258
100,0,172,422,101,541,292,162,39,314,412,915,122,571,602,44
101,3,935,209,725,732,11,566,710,184,395,14,39,575,515,653
102,0,63,835,330,316,236,353,945,133,743,722,286,599,682,623
103,1,260,810,115,19,695,229,542,649,746,751,970,824,24,648
104,1,876,773,122,926,234,24,453,377,385,120,55,684,206,489
105,1,929,414,853,606,279,881,188,861,587,178,785,771,306,875
106,1,287,277,37,407,56,444,843,967,263,244,633,62,220,559
107,1,289,858,356,953,263,733,185,267,542,553,66,530,134,228
108,4,225,635,107,581,809,573,464,61,771,916,602,433,571,34
109,1,973,910,286,420,694,524,160,680,850,706,478,105,90,324
110,1,646,392,361,665,23,547,608,701,842,409,65,19,15,969
111,0,643,443,374,184,616,474,262,477,274,854,164,977,533,984
112,4,929,299,687,41,712,676,577,928,217,753,150,668,518,810
113,3,613,476,771,17,712,522,469,534,41,939,947,860,512,146
114,0,390,493,741,756,893,267,11,668,835,373,275,227,969,226
115,3,726,824,994,821,449,601,239,241,277,66,173,109,13,344
116,1,834,280,700,877,802,45,263,109,563,876,222,750,857,81
117,0,502,94,938,387,535,323,974,911,779,553,934,368,801,752
118,1,706,360,760,400,471,356,310,551,829,53,715,564,516,301
119,1,740,172,402,343,585,317,45,782,718,360,35,321,657,831
120,1,35,243,404,96,126,188,235,492,532,513,250,747,799,287
121,0,509,545,852,730,118,114,218,766,541,880,810,166,418,375
122,1,959,49,179,668,432,695,469,589,261,397,235,83,62,99
123,0,951,186,52,946,659,682,919,30,697,237,372,257,590,720
124,1,92,52,219,296,931,976,453,638,615,247,746,595,854,533
125,0,793,666,702,982,891,210,199,731,649,542,193,473,952,732
126,0,700,92,316,754,987,79,33,687,385,269,900,601,96,794
127,1,110,485,142,989,994,343,811,562,501,505,540,758,247,429
128,1,195,815,94,830,610,440,696,142,110,961,42,201,249,161
129,0,274,227,776,717,103,453,341,654,649,381,731,534,326,392
130,0,153,679,525,288,842,30,875,101,507,544,943,784,571,666
131,3,276,0,405,302,914,633,179,293,43,422,927,359,50,875
132,1,410,484,810,338,843,798,496,32,422,766,151,727,162,334
133,1,500,66,483,995,60,119,358,415,262,575,98,68,644,825
134,1,872,303,218,129,651,542,631,362,793,657,270,45,482,982
135,0,737,852,188,300,525,344,907,286,110,645,57,498,74,92
136,1,33,437,835,668,588,957,650,196,266,278,244,246,902,452
137,1,480,764,367,700,707,284,67,882,811,88,685,673,468,448
138,1,136,663,428,619,135,998,562,614,757,657,465,117,734,137
139,0,847,297,222,657,908,763,792,961,134,127,50,917,992,584
140,5,991,170,838,121,249,99,285,572,564,710,213,786,660,60
141,1,280,417,191,189,840,170,430,392,302,736,577,815,317,347
142,1,490,166,87,714,775,314,566,709,822,492,332,987,984,190
143,0,352,771,818,321,5,208,891,923,319,102,981,628,444,982
144,1,885,139,601,18,925,428,418,369,255,65,413,733,492,115
145,1,209,49,88,516,768,295,749,618,390,897,788,969,211,400
146,0,749,977,711,468,525,518,445,932,469,886,867,799,967,406
147,0,394,628,50,57,59,912,792,329,171,982,695,89,966,192
148,1,85,464,428,962,857,416,95,780,819,319,228,691,467,140
149,1,84,951,414,105,655,76,847,244,898,8,863,486,12,763
150,1,442,281,918,403,405,296,181,269,4,365,791,440,180,855
151,0,909,757,148,350,977,332,171,202,611,292,780,8,715,848
152,3,199,215,286,443,716,141,220,486,38,527,409,795,534,363
153,1,532,713,37,303,841,509,83,577,120,418,506,676,1,72
154,1,491,277,917,372,660,231,116,200,318,563,138,223,259,207
155,1,860,546,828,172,301,509,140,335,258,782,636,516,917,204
156,0,778,438,959,974,292,15,242,443,55,821,551,888,863,810
157,1,68,599,629,22,879,386,920,215,170,265,857,251,731,504
158,1,697,620,714,69,796,95,623,153,483,85,339,446,166,605
159,1,630,723,191,355,597,38,162,697,495,672,649,663,655,473
160,0,537,37,724,394,235,67,441,120,791,309,524,251,569,717
161,1,890,513,390,206,839,579,334,43,721,129,551,516,927,355
162,1,751,79,458,359,70,708,253,280,45,208,817,44,289,936
163,3,877,795,59,816,9,94,696,938,611,459,815,453,28,219
164,1,634,775,889,186,113,220,285,589,378,517,367,240,633,886
165,1,385,744,132,260,181,603,370,102,592,643,865,330,305,990
166,3,694,507,220,935,931,692,206,259,192,28,895,827,586,441
167,0,423,805,846,749,708,12,544,683,26,638,701,368,863,910
168,1,80,91,920,692,538,997,791,916,67,230,102,877,911,683
169,1,10,549,465,973,839,344,864,626,743,341,70,168,733,269
170,1,454,998,143,294,964,224,681,436,405,497,889,749,382,485
171,0,381,839,859,577,300,494,266,957,556,139,174,576,227,950
172,0,324,661,306,321,618,389,509,968,696,261,682,936,791,590
173,1,212,77,61,407,229,629,950,347,239,590,418,506,812,636
174,0,274,63,114,596,761,605,156,915,861,233,786,947,993,910
175,4,999,652,88,47,328,267,932,455,76,257,587,715,519,786
176,0,191,902,472,39,278,843,464,280,312,865,955,43,657,776
177,1,140,301,426,604,782,940,716,630,363,327,192,485,610,27
178,1,202,442,22,910,679,279,402,160,561,657,746,612,645,153
179,4,248,133,609,124,439,544,292,53,189,654,864,125,121,960
180,4,23,906,428,945,851,363,863,185,926,345,326,134,932,668
181,1,405,319,400,370,122,975,204,419,804,135,454,374,997,418
182,0,147,851,561,491,876,168,515,472,236,345,331,806,68,946
183,1,224,560,570,694,113,800,898,782,11,904,206,170,649,585
184,0,961,321,230,181,713,602,58,995,132,548,413,483,580,356
185,1,57,484,487,266,777,818,865,604,391,806,726,566,677,422
186,1,295,290,869,544,194,581,103,65,282,524,898,990,594,997
187,0,569,438,806,628,282,860,595,580,383,593,481,209,880,668
188,0,415,80,623,285,147,856,160,28,888,708,422,996,490,379
189,0,325,72,290,146,875,48,654,879,358,866,388,549,613,621
190,1,604,771,173,57,805,893,337,375,312,557,787,491,504,218
191,0,91,569,228,153,489,606,860,462,274,760,245,670,132,430
192,3,613,686,188,457,759,692,556,226,923,287,333,970,296,969
193,3,951,631,513,943,317,174,545,15,557,432,489,339,407,214
194,5,410,150,852,213,268,956,695,910,105,545,690,15,639,338
195,0,713,547,722,913,780,224,208,134,597,935,212,945,967,326
196,1,80,712,291,13,971,595,46,452,733,310,654,2,101,127
197,0,853,518,27,263,33,370,588,254,164,681,448,508,952,106
198,0,567,837,565,122,155,766,542,819,923,511,249,663,504,160
199,4,296,697,351,946,982,553,647,778,516,582,640,80,89,684
200,1,105,467,674,726,581,378,101,203,618,527,155,20,938,833
201,0,104,95,330,267,464,523,883,127,441,759,584,323,424,541
202,1,836,485,35,976,700,847,560,734,993,0,437,131,428,311
203,1,569,487,582,241,662,954,332,436,695,288,926,22,295,886
204,0,434,918,498,514,436,17,80,209,4,109,661,721,813,296
205,0,374,953,478,108,838,561,737,109,21,408,529,105,212,72
206,1,329,998,34,462,694,296,293,91,714,120,351,55,126,785
207,0,111,374,939,17,609,298,199,647,381,978,101,307,37,828
208,0,175,5,746,777,75,18,223,919,39,284,465,716,437,549
209,3,642,704,602,544,775,3,762,731,493,76,681,47,172,611
210,0,114,889,767,286,207,36,545,185,587,649,555,927,940,513
211,0,20,352,547,797,596,15,454,393,815,775,949,781,293,895
212,1,660,811,207,564,27,611,497,346,782,221,719,454,795,574
213,1,974,144,6,448,694,635,318,772,371,396,641,647,362,972
214,1,741,338,91,753,298,275,571,195,763,962,456,655,972,657
215,1,898,108,568,29,302,35,198,532,623,891,50,697,668,593
216,1,284,424,719,561,186,368,212,643,17,714,214,113,200,449
217,4,393,119,92,886,985,879,346,334,956,696,73,972,355,655
218,5,871,542,356,775,740,304,328,814,234,707,261,709,930,805
219,1,197,654,932,40,484,973,769,669,569,326,35,631,154,222
220,1,846,153,877,80,303,863,769,470,785,187,281,159,731,168
221,1,711,492,77,801,789,45,870,569,655,992,689,927,326,109
222,1,446,931,360,420,176,355,384,97,98,616,751,490,789,442
223,0,147,607,413,780,558,977,606,33,888,62,675,90,793,439
224,0,732,608,978,450,536,92,87,329,154,730,654,851,320,126
225,4,884,73,658,873,959,875,260,128,202,465,970,967,24,503
226,1,278,192,186,807,684,12,446,137,580,210,703,776,449,421
227,0,618,529,891,329,119,384,843,622,269,307,111,735,495,778
228,0,593,506,589,303,823,86,496,299,907,710,511,189,341,369
229,0,136,948,387,993,503,475,757,585,325,728,89,571,533,240
230,3,963,929,211,178,739,29,958,751,306,7,644,333,900,940
231,1,703,487,648,550,778,165,957,938,392,138,73,525,289,684
232,1,308,130,997,849,756,307,863,830,485,47,418,835,982,678
233,1,761,327,838,860,827,415,238,653,188,80,933,174,79,758
234,1,724,139,648,917,901,850,96,500,391,208,328,239,627,486
235,1,276,874,553,190,426,284,405,2,868,934,293,982,707,413
236,0,551,819,200,44,215,299,749,394,780,526,288,328,227,901
237,1,847,667,724,412,978,171,221,96,614,21,133,618,823,701
238,5,764,200,590,789,162,415,821,35,32,105,256,714,892,43
239,1,460,551,772,249,372,942,825,629,676,726,252,517,76,203
240,0,717,625,479,863,0,614,575,86,551,579,200,157,542,246
241,0,760,647,281,700,599,309,86,764,437,124,390,4,89,179
242,1,904,85,976,449,798,180,330,536,475,430,974,295,960,493
243,1,691,625,472,792,708,974,554,546,425,21,309,781,968,385
244,0,702,124,14,598,572,295,789,235,808,869,730,573,668,430
245,1,80,865,487,683,24,85,75,807,369,901,600,566,685,13
246,1,23,327,861,233,157,954,511,453,345,623,798,536,123,50
247,1,827,314,156,345,84,644,550,302,413,425,158,568,594,983
248,1,100,457,667,654,791,638,591,642,748,115,771,858,690,974
249,1,636,302,874,942,507,145,704,159,173,144,848,345,645,174
250,1,102,241,545,526,855,136,610,354,255,577,178,776,513,510
251,1,806,590,44,227,211,752,714,326,142,437,892,575,797,543
252,1,421,634,708,919,499,224,643,624,773,838,906,764,171,309
253,0,230,324,552,36,466,885,784,336,172,376,512,259,616,374
254,1,54,551,155,452,141,364,811,590,502,226,814,800,223,599
255,0,408,90,204,588,73,821,506,67,286,226,638,741,124,99
256,3,362,442,835,594,492,465,912,785,28,760,727,612,284,615
257,0,415,626,468,370,944,983,931,128,846,12,959,532,77,819
258,1,250,519,484,551,649,524,265,127,294,983,112,3,146,88
259,1,208,85,583,941,944,478,987,257,530,369,617,517,99,265
260,1,245,89,162,359,889,725,903,26,185,559,547,611,92,95
261,0,600,2,700,658,788,221,778,151,480,761,869,246,355,385
262,1,644,335,217,820,40,398,814,850,231,767,565,946,847,813
263,1,488,158,271,212,520,87,929,253,119,21,157,639,495,755
264,1,139,572,454,739,554,269,96,566,606,435,789,296,880,379
265,1,292,3,122,268,463,906,140,247,433,701,25,734,615,115
266,1,189,589,234,989,453,606,340,160,464,165,565,32,556,146
267,1,363,557,539,729,297,315,237,17,851,604,751,390,514,659
268,1,21,305,872,600,553,156,465,350,83,474,55,900,732,842
269,1,824,530,375,19,78,534,829,691,448,894,413,972,492,295
270,3,905,963,653,678,445,619,363,702,187,341,514,494,395,147
271,1,763,866,607,764,602,803,31,922,341,52,359,400,454,318
272,0,316,666,563,622,133,855,225,685,942,339,498,92,691,864
273,0,285,419,385,596,331,107,763,444,298,656,990,118,875,234
274,1,304,3,934,500,812,319,851,313,441,146,311,87,828,714
275,1,750,285,833,449,433,692,441,324,633,501,581,120,380,356
276,0,819,601,468,802,550,788,177,49,166,818,875,322,304,967
277,1,533,651,416,239,557,729,832,650,270,127,575,344,479,477
278,0,709,605,486,126,287,144,981,423,261,257,900,441,100,623
279,1,770,918,232,628,366,441,521,66,778,630,991,288,393,753
280,0,721,959,212,254,743,830,900,354,645,463,574,289,593,206
281,0,182,669,933,521,561,552,166,596,547,753,188,628,471,251
282,0,367,934,761,129,772,409,617,122,157,117,412,854,460,642
283,0,844,451,109,624,910,776,542,238,605,883,548,132,352,377
284,1,847,114,818,356,396,759,570,264,621,746,50,436,16,897
285,1,382,510,559,444,703,233,57,443,526,203,261,175,127,724
286,1,773,954,527,42,546,870,876,999,242,305,321,908,802,944
287,1,721,148,972,105,833,293,917,458,472,273,470,663,577,895
288,0,787,357,143,890,523,369,175,607,742,334,324,511,240,99
289,0,968,395,821,494,580,264,56,464,808,312,404,756,742,570
290,1,382,67,256,71,19,732,923,757,655,471,745,74,233,823
291,1,548,402,469,182,443,222,646,739,770,961,424,27,501,840
292,0,256,821,660,900,222,764,685,227,728,938,382,145,322,132
293,0,583,397,117,59,914,621,666,632,95,958,0,871,455,704
294,3,567,90,51,699,583,516,212,130,585,352,677,912,76,452
295,1,607,412,485,105,757,21,849,212,398,419,505,900,617,503
296,0,988,410,717,656,489,230,59,732,759,457,159,654,113,232
297,0,50,808,149,682,810,855,122,612,63,233,589,646,81,835
298,1,206,501,284,496,658,414,54,127,648,768,254,202,87,275
299,1,456,999,676,660,376,444,674,681,103,298,166,39,504,625
300,1,842,661,49,651,407,739,343,360,11,699,66,700,526,319
301,1,214,392,749,924,394,666,798,852,514,895,177,538,469,71
302,0,770,894,231,596,517,83,412,350,197,962,395,171,541,100
303,1,513,541,358,580,677,824,73,731,989,54,142,777,20,171
304,1,24,686,836,578,113,835,189,104,560,310,486,773,666,596
305,3,482,974,853,451,886,877,862,855,378,583,871,56,108,138
306,0,460,880,5,509,504,797,355,981,751,815,566,478,621,854
307,1,816,753,906,379,558,683,716,19,487,62,545,881,99,427
308,1,277,303,432,210,133,958,9,130,434,172,909,470,86,964
309,1,259,577,805,225,912,352,707,152,442,402,607,919,562,536
310,0,343,913,554,863,730,353,271,424,697,531,740,550,563,153
311,1,701,596,489,837,465,365,278,518,303,731,967,230,691,99
312,0,957,469,528,952,934,66,189,40,462,316,300,95,3,661
313,0,230,99,446,164,751,754,625,82,817,511,853,390,66,141
314,1,865,595,335,331,258,784,22,352,289,712,303,874,105,586
315,0,832,195,650,953,997,572,286,930,547,291,362,234,24,207
316,1,277,461,625,173,521,365,193,246,590,447,847,665,47,432
317,0,899,476,179,68,31,599,151,295,470,993,664,431,542,837
318,1,743,490,639,293,987,792,415,810,32,199,553,835,741,904
319,0,90,430,949,860,153,493,461,370,761,858,833,722,274,505
320,1,423,180,128,684,390,186,23,576,713,989,657,62,694,906
321,1,838,424,326,975,79,606,826,96,51,99,88,487,617,569
322,1,312,156,581,331,560,150,598,17,977,333,108,690,73,755
323,5,420,721,318,305,648,528,144,64,281,49,104,80,569,614
324,1,468,559,409,14,383,78,642,38,302,832,810,924,536,873
325,4,668,100,392,241,866,743,419,723,687,930,628,778,718,235
326,1,352,855,16,839,132,433,742,470,920,871,613,68,515,247
327,0,859,764,429,967,144,655,997,767,216,627,637,466,180,780
328,1,739,682,21,659,972,639,866,398,188,297,40,311,315,405
329,3,791,900,712,479,22,777,267,230,262,209,64,356,768,13
330,5,187,357,515,81,830,79,769,961,42,587,144,522,538,425
331,0,266,287,742,120,958,472,877,682,942,703,832,362,734,955
332,0,144,951,727,907,325,593,102,44,79,628,700,913,469,621
333,0,917,683,789,178,365,0,651,922,53,933,841,510,248,195
334,0,798,546,542,517,137,603,188,39,231,454,190,349,304,347
335,0,697,266,535,592,149,23,148,278,804,778,686,67,245,25
336,0,586,958,166,176,354,51,218,183,579,155,599,141,972,456
337,1,72,29,185,372,795,69,720,245,291,401,84,587,351,986
338,0,310,321,971,102,107,886,626,510,333,329,404,174,121,432
339,1,131,91,619,571,814,16,421,940,181,88,757,424,471,416
340,1,89,412,96,81,477,40,779,555,890,56,912,69,598,618
341,1,937,437,381,840,25,208,20,985,404,860,434,942,272,882
342,0,741,187,708,233,285,547,852,22,212,30,463,789,344,986
343,1,612,494,912,195,228,53,701,142,40,18,751,495,386,389
344,0,909,696,154,777,851,831,175,891,430,946,526,587,362,843
345,0,749,125,899,165,510,297,615,637,471,700,558,233,286,797
346,1,770,368,722,274,212,21,116,184,31,810,950,221,912,606
347,3,631,177,715,140,2,787,555,953,747,286,128,764,946,35
348,1,735,51,649,711,917,757,49,808,451,706,220,383,12,25
349,3,838,853,386,635,785,435,930,745,369,126,520,214,627,741
350,1,736,300,454,160,829,916,229,846,926,587,84,792,925,425
351,1,910,914,266,306,319,501,215,832,733,498,581,668,963,369
352,0,288,142,152,542,524,537,570,874,694,279,120,970,347,700
353,1,827,309,409,322,696,768,268,85,712,552,470,951,114,449
354,0,257,824,77,552,488,617,781,703,199,745,388,860,557,193
355,1,523,366,900,173,790,0,334,31,487,894,995,197,255,578
356,1,419,359,851,618,400,267,167,118,637,842,720,802,368,428
357,1,142,98,635,447,785,143,913,982,560,905,233,988,241,102
358,1,475,170,478,826,567,750,733,71,276,975,939,214,729,615
359,1,704,264,157,102,136,444,889,642,236,352,491,539,12,482
360,1,254,424,35,397,85,317,802,584,618,899,683,511,544,784
361,0,647,607,624,131,639,227,690,212,839,402,173,831,428,911
362,0,668,41,276,325,816,260,675,202,663,15,777,932,811,898
363,5,834,101,153,878,537,946,360,157,274,454,536,263,982,829
364,0,20,691,642,294,502,688,938,898,449,486,963,661,272,542
365,1,47,676,990,26,15,116,69,856,347,293,617,491,473,871
366,0,19,755,287,859,62,385,869,322,336,931,683,82,569,908
367,1,588,131,813,718,805,489,724,312,991,873,696,204,745,912
368,1,592,702,323,266,279,87,865,963,572,339,206,686,437,1
369,3,27,748,167,182,386,957,604,94,780,949,701,506,666,198
370,1,250,62,451,317,89,71,140,176,947,441,909,339,402,359
371,0,246,767,604,941,438,385,298,325,950,78,506,514,304,442
372,0,461,228,516,956,166,576,281,591,898,729,326,106,360,942
373,1,531,16,153,452,597,330,808,917,750,322,449,436,372,519
374,0,535,76,941,951,913,803,336,621,533,525,716,172,194,670
375,1,641,581,199,850,37,748,574,96,461,340,64,417,57,20
376,1,597,922,126,989,865,871,778,121,306,406,586,293,378,458
377,1,887,261,987,297,779,13,997,105,191,457,800,638,34,49
378,1,91,535,406,827,464,626,522,321,165,618,262,615,559,322
379,1,430,759,129,385,291,929,998,51,3,301,713,829,123,360
380,2,173,655,613,22,976,143,133,352,694,988,546,362,713,255
381,1,116,734,80,735,106,980,616,335,666,195,180,812,57,76
382,1,112,464,104,36,293,893,663,524,421,457,236,283,841,861
383,1,989,540,740,72,26,119,535,640,121,558,140,860,608,258
384,1,518,137,387,112,544,317,85,904,488,659,581,300,977,743
385,1,567,356,615,428,467,983,832,50,130,110,541,560,792,556
386,1,256,40,740,681,586,936,554,847,73,503,699,238,623,344
387,1,9,368,148,957,679,161,178,830,356,301,608,252,554,689
388,1,136,171,804,343,359,933,43,286,360,811,917,685,553,474
389,1,614,282,253,612,290,412,788,13,443,842,943,459,516,865
390,1,278,36,704,24,737,147,201,823,424,245,871,426,510,285
391,1,518,530,409,325,214,551,415,247,656,558,44,269,604,680
392,0,745,468,744,911,680,114,227,447,737,204,631,155,591,101
393,1,786,750,45,133,693,955,973,518,114,259,84,826,587,143
394,1,977,248,686,480,384,201,296,391,765,612,556,86,122,898
395,1,72,788,686,139,515,725,917,879,674,636,1,8,160,262
396,3,180,284,719,270,327,231,769,474,559,205,619,698,942,993
397,0,573,456,435,595,955,727,172,724,932,904,494,462,477,970
398,1,241,460,34,781,66,292,166,652,600,358,32,802,761,809
399,0,416,75,959,397,990,768,580,702,509,733,874,907,476,501
400,1,212,216,98,799,787,328,749,813,454,826,240,941,460,964
401,2,19,900,966,737,579,25,273,360,182,80,480,799,728,250
402,0,184,157,584,6,783,426,894,747,870,824,588,139,551,440
403,3,966,661,85,414,160,8,755,682,649,111,173,664,619,508
404,1,326,649,572,173,630,549,280,107,982,713,62,660,531,763
405,3,872,820,827,106,967,43,97,214,781,136,809,982,345,216
406,0,884,415,103,28,320,895,829,334,839,731,302,419,309,931
407,3,456,699,463,770,822,529,91,274,513,290,813,702,385,427
408,1,269,238,557,314,248,198,859,441,911,966,781,491,810,990
409,0,105,753,334,564,285,956,82,936,875,173,552,74,278,499
410,1,234,843,982,273,878,447,941,189,680,743,483,967,179,621
411,1,501,847,75,257,800,262,857,373,323,977,578,865,427,128
412,4,608,942,434,965,967,515,971,950,991,265,129,654,693,295
413,1,457,490,11,190,643,495,201,953,897,674,684,267,111,649
414,1,599,950,221,930,686,806,228,405,534,256,668,972,589,472
415,0,267,121,871,943,536,345,183,600,982,48,528,327,469,168
416,4,389,703,766,824,739,60,315,733,356,955,85,307,224,386
417,5,93,113,804,77,954,128,690,981,151,393,380,791,382,239
418,0,351,709,836,924,193,244,284,340,583,72,750,352,92,958
419,5,732,642,511,78,608,761,260,630,223,365,529,374,676,672
420,1,213,948,877,147,562,697,273,690,586,661,639,847,252,542
421,0,907,644,32,599,46,331,283,846,392,179,523,635,192,144
422,1,238,233,584,745,604,355,138,793,383,562,879,9,405,78
423,0,168,280,621,679,689,92,105,121,306,808,348,410,125,842
424,1,445,766,284,72,638,118,524,795,995,243,259,336,693,681
425,1,112,394,481,603,968,674,27,824,446,670,651,349,476,661
426,1,444,165,929,491,203,796,161,716,549,639,485,451,740,754
427,0,276,63,765,75,219,428,295,621,160,824,245,999,77,336
428,0,745,559,46,777,703,464,691,373,754,624,649,575,599,882
429,1,548,211,912,870,207,884,195,559,131,395,546,941,438,969
430,0,273,167,45,872,425,900,930,183,137,635,85,253,605,526
431,1,287,592,737,40,793,693,871,514,73,646,175,320,321,711
432,1,943,227,388,954,749,60,648,918,717,396,224,715,615,912
433,1,286,305,380,527,866,566,443,273,167,515,715,641,225,133
434,4,513,222,562,148,892,135,414,493,73,81,300,952,484,447
435,2,998,819,158,67,281,803,101,773,507,624,476,717,274,607
436,1,469,633,637,743,291,890,83,919,192,409,286,292,421,782
437,1,775,914,796,667,497,208,424,798,215,984,683,646,966,174
438,1,550,163,267,975,798,939,40,797,659,968,167,906,964,590
439,0,699,987,418,747,282,627,585,101,540,770,630,953,661,140
440,3,252,392,21,410,899,483,230,888,567,672,421,521,694,977
441,0,152,511,667,266,503,882,602,915,880,982,853,38,519,645
442,1,474,416,809,294,460,137,249,592,491,598,981,714,49,874
443,0,48,354,843,901,78,855,95,248,542,136,342,430,673,810
444,1,663,175,930,953,131,741,460,176,38,146,140,546,964,649
445,1,614,738,181,532,379,273,466,929,975,556,230,742,606,596
446,1,716,637,133,307,246,452,398,817,937,966,347,705,823,312
447,1,915,830,851,958,66,883,652,644,991,313,303,1,299,779
448,4,280,414,817,470,367,215,265,0,352,873,962,213,622,545
449,1,597,639,204,62,840,457,243,83,678,421,102,406,167,120
450,0,495,350,214,358,805,891,193,834,244,534,533,257,592,585
451,0,501,484,211,338,990,780,609,613,487,99,305,833,408,635
452,1,683,927,613,80,72,585,237,767,705,436,765,985,205,273
453,0,25,137,404,959,227,682,927,593,253,188,615,938,884,379
454,0,574,803,529,222,680,226,907,170,507,877,264,270,662,780
455,0,550,865,81,62,446,614,572,778,56,44,979,223,251,716
456,0,350,539,231,708,446,834,530,575,700,555,204,976,68,48
457,1,50,289,270,567,484,206,8,382,654,629,801,212,549,215
458,0,126,937,447,382,761,661,101,982,599,593,304,962,907,415
459,1,175,756,193,474,844,805,301,525,948,101,945,472,174,669
460,3,388,565,206,677,678,128,538,137,399,53,622,737,784,894
461,1,946,455,718,243,868,185,507,575,837,661,454,197,422,552
462,1,279,639,177,123,561,831,456,355,604,205,619,983,826,689
463,0,28,261,193,720,930,760,486,925,452,649,397,594,149,113
464,1,122,392,260,346,259,135,157,325,670,585,632,799,295,538
465,1,725,684,276,11,657,73,149,658,47,384,50,320,638,683
466,4,597,210,489,429,613,217,638,240,235,534,304,155,554,444
467,1,146,410,509,248,986,660,393,174,708,893,705,981,663,638
468,1,553,202,691,166,243,938,792,791,735,822,284,920,984,235
469,1,420,448,767,128,133,112,985,706,213,879,867,433,402,399
470,1,552,94,770,316,197,625,384,273,571,91,221,532,331,956
471,1,46,505,947,829,438,160,586,57,864,145,158,762,324,924
472,1,590,399,206,751,407,21,193,146,353,278,496,964,757,720
473,1,656,934,178,634,111,786,531,936,787,570,316,266,644,435
474,1,255,182,676,959,945,720,127,498,475,528,911,246,791,134
475,1,697,773,567,748,880,792,342,51,304,213,239,624,46,382
476,1,518,182,793,829,211,716,269,346,891,220,192,321,60,176
477,1,923,735,883,100,864,829,794,801,747,919,328,209,532,712
478,1,760,690,688,222,726,649,321,910,238,184,797,693,849,176
479,0,262,275,209,50,433,732,104,70,754,203,86,398,619,499
480,1,11,239,428,536,971,684,529,792,992,937,446,84,365,877
481,0,336,875,29,940,516,773,686,921,877,266,332,787,888,389
482,3,647,981,269,394,881,564,991,450,912,591,81,369,414,239
483,0,425,971,113,916,997,704,138,46,731,57,716,783,698,44
484,3,401,392,525,354,134,817,351,846,211,811,168,626,678,154
485,1,61,305,13,411,440,851,287,340,97,693,804,128,532,968
486,1,964,121,915,233,75,613,636,9,877,638,979,611,417,978
487,0,858,396,257,428,121,454,462,771,851,686,241,140,59,274
488,0,285,31,878,190,630,752,982,229,800,615,396,949,836,658
489,1,751,621,746,84,161,777,243,698,585,274,339,189,240,181
490,1,766,301,610,966,625,285,100,127,946,444,328,681,140,37
491,0,966,76,969,230,446,483,520,6,381,435,567,263,186,485
492,1,276,5,549,893,456,638,643,419,864,213,658,207,375,694
493,0,510,68,167,816,345,872,855,778,729,554,299,848,177,383
494,0,293,649,306,984,946,84,206,723,654,439,210,162,878,218
495,1,526,111,192,218,995,291,15,110,231,800,331,18,486,743
496,1,843,601,810,134,648,312,437,490,304,225,484,671,434,907
497,0,813,314,362,251,751,86,214,931,607,803,974,112,627,301
498,1,46,312,335,601,774,334,168,518,16,793,414,687,936,852
499,0,227,554,7,420,522,122,920,300,862,639,25,71,226,536
500,1,904,717,176,777,116,824,105,883,80,122,65,781,243,780
501,1,462,270,817,505,686,276,519,349,94,651,242,710,98,941
502,1,341,661,31,949,84,169,251,161,732,85,415,57,142,877
503,0,737,912,642,887,968,953,886,491,651,967,994,28,466,34
504,0,377,144,655,632,367,438,810,317,611,532,220,437,755,109
505,1,594,123,422,446,13,529,457,456,188,381,653,227,892,444
506,1,866,24,349,302,327,3,387,964,106,663,423,359,332,626
507,1,866,156,174,269,183,845,754,359,289,908,588,722,320,545
508,5,493,285,360,616,935,52,745,216,808,724,405,645,369,381
509,1,598,700,543,207,689,904,337,532,394,927,498,302,241,332
510,0,276,876,403,874,482,127,277,505,496,914,702,768,858,62
511,1,84,637,831,0,484,786,243,612,320,807,147,316,323,645
512,0,157,427,152,921,356,802,582,566,933,990,466,771,837,762
513,0,995,979,232,353,645,190,807,875,219,312,326,221,441,754
514,0,407,38,602,802,958,342,648,886,188,337,384,403,639,77
515,1,108,375,818,257,693,365,344,438,348,796,918,657,680,443
516,1,216,194,437,710,968,313,871,264,794,785,151,77,810,513
517,0,480,966,692,759,646,563,43,973,163,145,127,746,951,631
518,1,229,0,718,824,424,980,469,787,124,29,86,944,11,225
519,0,683,23,925,951,109,631,242,817,721,957,494,75,860,581
520,1,856,474,541,334,626,356,220,574,680,222,325,199,72,465
521,1,116,380,269,958,878,252,711,13,869,683,671,349,236,68
522,1,733,87,441,670,33,835,50,678,676,633,345,860,57,218
523,0,285,852,749,533,495,341,716,983,544,774,335,256,359,288
524,1,692,957,472,882,151,468,737,47,209,501,716,218,337,314
525,0,277,617,133,616,554,967,997,248,258,774,727,318,749,829
526,5,780,638,728,896,132,782,863,680,203,578,879,576,550,499
527,1,759,91,938,670,940,456,223,687,29,421,459,768,92,439
528,1,202,704,262,444,305,774,199,883,361,123,482,396,804,53
529,1,99,879,17,799,564,796,51,22,575,950,670,806,568,578
530,1,953,252,348,730,453,276,500,903,738,465,619,443,195,678
531,0,938,153,620,694,920,884,4,667,801,712,534,39,860,854
532,0,311,276,277,27,842,979,859,26,529,448,42,670,718,571
533,1,288,192,35,961,745,882,601,23,901,78,461,44,565,213
534,0,133,100,72,922,575,634,552,363,158,257,529,704,280,83
535,0,15,212,601,231,730,874,243,613,41,966,367,427,986,507
536,1,53,639,821,909,837,349,895,166,75,744,519,72,170,891
537,1,211,106,585,370,770,768,78,948,858,888,470,233,659,165
538,1,563,82,984,609,946,487,602,327,319,806,543,492,947,570
539,0,566,845,51,285,242,94,875,818,522,274,797,473,721,173
540,1,958,440,822,24,236,775,343,515,270,757,665,445,646,976
541,1,145,394,627,969,514,400,902,756,31,990,475,283,80,149
542,0,908,637,833,48,579,235,796,220,185,33,12,101,309,301
543,1,987,103,920,84,683,979,656,157,622,484,754,877,488,563
544,1,495,321,984,438,978,336,638,120,533,749,676,2,394,894
545,0,455,594,288,465,958,17,887,83,409,745,311,926,109,408
546,0,702,950,694,306,917,382,247,774,903,872,700,951,285,938
547,1,20,12,339,606,484,580,908,641,490,802,233,139,194,308
548,0,39,26,929,684,294,284,437,85,377,885,179,253,20,899
549,1,648,169,443,933,37,431,567,96,170,409,121,720,788,381
550,5,507,377,190,15,932,615,464,262,0,603,440,461,135,100
551,4,757,419,219,480,611,72,183,99,869,525,13,892,197,932
552,1,474,953,31,933,462,386,494,138,805,499,668,165,762,396
553,1,565,387,61,926,115,12,952,215,743,247,983,401,806,313
554,1,311,981,573,561,992,477,534,803,755,828,784,386,841,278
555,0,306,594,329,893,364,649,445,423,559,567,619,383,794,809
556,1,84,66,921,466,752,415,11,219,797,570,443,768,183,115
557,1,601,991,61,796,494,756,47,647,344,824,409,937,502,993
558,1,274,59,822,614,212,11,420,713,741,336,65,885,73,840
559,1,755,678,607,534,481,553,668,261,305,497,762,184,511,365
560,1,381,590,611,984,950,692,998,319,628,42,227,997,58,791
561,1,636,41,782,616,52,346,855,378,102,661,393,707,630,73
562,1,792,396,762,354,236,501,155,485,16,690,645,848,269,901
563,0,920,687,509,375,797,705,475,199,644,198,835,160,626,130
564,1,52,219,571,972,339,27,847,462,746,133,217,857,923,765
565,1,928,22,258,343,76,57,783,10,592,423,665,182,811,727
566,1,487,57,724,368,678,564,637,682,552,323,286,175,976,357
567,1,949,799,261,825,318,340,510,292,2,689,303,207,301,976
568,4,446,701,12,443,216,116,317,474,498,301,308,226,570,991
569,1,822,30,397,503,325,314,215,942,627,415,625,706,393,734
570,0,620,449,465,85,795,943,594,455,376,402,349,383,556,629
571,0,942,579,879,341,715,283,405,309,494,858,130,806,53,512
572,0,259,620,289,631,276,794,774,831,338,955,839,268,63,627
573,0,282,192,175,840,292,614,124,413,522,182,747,357,611,901
574,1,950,154,333,853,482,267,381,497,56,749,431,426,143,86
575,1,985,806,894,304,410,875,510,27,6,474,657,941,58,897
576,1,503,501,843,350,605,890,329,468,542,448,415,684,907,409
577,1,349,400,339,306,257,938,811,779,39,126,38,877,370,254
578,1,43,772,556,802,256,993,980,735,630,708,339,582,392,822
579,1,426,136,413,612,402,2,661,189,89,614,997,457,966,411
580,3,621,875,612,147,227,80,490,46,753,555,285,572,141,978
581,1,955,949,877,351,985,336,267,943,945,512,401,215,675,338
582,1,159,676,562,628,100,702,990,138,393,484,962,243,381,527
583,1,179,522,477,730,138,416,20,765,590,109,354,141,451,139
584,3,627,491,719,436,191,322,180,760,573,632,234,717,761,231
585,0,620,222,374,76,719,73,997,643,891,281,893,689,348,396
586,0,449,308,414,344,988,582,843,677,713,873,384,758,441,517
587,0,744,576,868,139,554,800,410,743,128,50,757,789,416,690
588,1,168,571,892,865,153,417,902,940,824,472,110,863,276,515
589,3,174,802,833,693,724,343,282,917,563,168,745,160,24,339
590,0,128,641,906,858,777,911,457,761,72,669,466,879,276,812
591,1,686,989,105,959,964,396,458,508,706,94,245,286,319,367
592,1,560,711,826,461,604,454,458,966,338,89,372,277,92,872
593,1,177,327,251,487,64,464,902,44,780,171,518,479,717,832
594,0,662,454,275,91,437,678,677,923,619,58,431,215,590,76
595,0,6,68,535,750,847,695,468,359,23,956,888,244,968,620
596,1,572,236,565,806,877,369,104,885,639,607,669,861,710,676
597,1,538,313,901,387,72,748,306,355,105,932,760,318,268,165
598,1,644,8,879,718,876,742,205,159,567,703,461,857,136,415
599,0,765,459,278,745,709,919,277,225,134,666,879,307,160,846
600,0,897,699,392,714,510,984,147,177,337,606,251,827,20,281
601,1,927,800,316,985,279,57,42,654,968,892,935,275,619,890
602,1,308,245,120,596,514,334,707,937,19,12,171,259,350,805
603,1,930,640,423,33,464,481,158,187,921,438,809,552,149,195
604,0,194,423,148,184,895,420,745,518,163,465,592,629,688,348
605,1,128,10,855,983,763,158,993,340,140,154,1,144,318,115
606,1,124,430,352,469,965,43,886,373,568,787,686,573,114,566
607,1,923,564,611,338,146,304,213,719,491,217,139,623,741,313
608,1,672,567,460,196,920,895,342,75,445,507,277,768,499,654
609,1,62,153,955,8,176,612,813,212,420,682,762,595,953,202
610,0,790,315,14,622,690,330,184,428,79,340,598,97,193,227
611,1,904,115,287,162,693,133,12,522,491,396,843,852,216,301
612,1,88,960,296,445,706,483,687,358,291,293,895,529,788,417
613,3,711,126,50,105,40,148,800,261,645,234,969,663,600,949
614,0,347,531,354,473,627,91,310,508,741,153,146,400,498,789
615,1,247,201,601,385,842,35,220,568,729,768,458,344,897,752
616,1,465,898,37,932,444,68,713,168,643,964,106,838,278,462
617,1,136,594,45,451,31,920,696,403,588,4,447,426,868,937
618,4,609,758,112,718,976,599,591,487,492,127,378,515,748,178
619,4,461,166,644,556,397,85,305,458,393,545,731,384,420,817
620,1,583,702,296,867,186,555,377,756,393,709,233,614,421,380
621,3,752,801,979,453,280,203,53,671,268,166,488,307,270,332
622,1,469,3,492,614,603,168,899,816,515,341,780,542,895,554
623,1,929,320,238,910,226,398,427,340,782,483,459,200,611,344
624,0,631,954,179,795,532,672,302,726,501,923,924,126,484,177
625,0,794,225,949,608,553,920,199,772,431,703,488,749,801,773
626,1,126,540,944,4,496,394,294,989,959,254,121,23,717,191
627,1,976,832,349,705,217,977,487,834,207,541,914,665,321,578
628,1,243,902,914,60,364,760,258,908,372,391,497,130,445,507
629,1,300,398,780,347,773,439,188,685,234,47,489,817,688,729
630,1,418,569,816,57,588,512,582,827,702,711,484,280,857,560
631,3,535,218,569,634,100,769,195,676,839,169,532,998,424,263
632,1,889,225,778,652,448,396,904,755,419,475,869,986,690,62
633,0,545,151,509,586,61,246,20,494,600,435,251,403,340,962
634,0,758,481,211,695,343,56,158,126,195,325,885,808,252,633
635,0,572,967,430,356,313,788,955,171,727,574,662,207,278,774
636,5,707,697,441,838,670,25,762,824,482,948,850,246,793,21
637,4,112,323,529,462,685,421,905,667,768,16,241,5,94,610
638,0,625,956,202,480,878,175,876,816,530,180,845,728,547,562
639,3,301,943,487,194,88,783,802,25,552,339,113,533,30,962
640,1,855,601,530,803,973,809,190,698,734,169,886,549,812,507
641,3,740,368,966,98,323,248,785,870,33,730,139,61,551,55
642,1,878,26,527,958,708,104,319,251,908,329,692,541,342,712
643,1,822,247,502,315,120,104,576,958,401,859,348,94,42,803
644,1,429,738,327,139,632,202,671,246,584,187,871,593,879,189
645,1,353,229,211,213,321,559,294,614,368,331,438,813,81,191
646,1,726,290,728,810,659,339,757,376,270,369,84,832,332,239
647,1,151,586,888,616,656,191,833,440,491,812,304,796,737,321
648,1,413,243,578,745,737,10,277,320,434,201,160,679,311,611
649,1,459,771,166,685,909,577,134,355,579,925,465,83,140,36
650,1,873,209,406,56,421,989,846,138,648,559,430,117,243,326
651,0,661,890,326,5,192,588,435,569,656,274,811,363,15,982
652,1,190,401,138,155,625,184,798,360,74,370,564,646,294,530
653,3,486,638,122,555,279,987,896,599,724,352,834,489,164,602
654,1,542,435,691,126,260,213,527,645,861,804,738,575,547,800
655,1,510,270,132,437,534,256,384,77,698,719,688,842,441,456
656,5,256,165,90,250,312,528,348,415,267,434,396,868,78,691
657,0,37,249,552,563,369,515,856,283,269,781,854,212,425,645
658,0,664,487,622,859,449,916,146,383,110,773,460,735,249,719
659,1,311,479,962,393,359,665,422,437,952,508,669,834,19,883
660,1,489,876,235,477,173,856,481,258,356,126,185,351,748,373
661,1,758,356,797,279,526,775,695,181,839,784,799,635,968,390
662,4,266,24,321,202,147,704,297,255,73,907,574,609,260,714
663,1,513,220,603,904,483,36,455,211,194,316,629,168,418,431
664,1,969,64,150,76,776,289,702,182,851,304,419,759,584,626
665,0,805,765,247,809,734,286,899,77,759,721,577,355,611,144
666,1,406,209,765,749,699,690,147,446,641,353,674,467,694,453
667,0,108,954,332,683,200,669,598,948,432,275,306,617,998,861
668,1,352,21,671,9,221,186,185,504,767,191,596,781,249,977
669,5,850,26,309,737,198,130,308,691,941,482,919,946,717,402
670,0,501,246,975,892,815,856,27,222,836,320,761,645,135,7
671,1,82,447,573,845,569,603,720,264,916,118,535,595,108,347
672,0,182,925,766,915,251,720,659,606,185,735,208,821,15,266
673,1,760,915,207,659,972,819,397,537,729,459,77,962,902,656
674,1,201,505,327,660,538,445,406,616,611,303,250,361,310,207
675,1,843,380,979,430,778,499,68,946,657,490,416,260,789,681
676,0,230,733,278,891,322,959,204,776,159,358,509,876,691,865
677,1,636,323,43,922,408,996,819,930,551,952,375,60,736,318
678,1,404,804,164,850,591,862,157,26,819,564,690,625,406,144
679,1,169,65,339,408,548,799,132,289,262,89,78,920,319,474
680,1,121,780,678,367,706,550,86,214,855,316,126,746,302,405
681,1,650,280,299,889,809,970,472,816,745,942,595,384,287,494
682,1,758,941,277,430,276,690,867,939,798,720,530,520,433,670
683,0,751,392,545,977,445,765,883,158,548,122,769,416,331,506
684,1,468,349,643,204,265,102,919,889,627,922,783,32,941,230
685,0,196,260,763,241,889,298,556,768,292,554,725,182,894,539
686,0,407,193,894,245,195,698,751,50,724,602,110,393,658,755
687,0,225,730,542,310,424,579,94,771,590,356,88,662,258,827
688,1,514,314,872,712,697,972,130,535,890,849,92,689,382,109
689,0,246,222,20,675,239,714,409,159,54,549,13,61,758,935
690,1,642,140,673,762,336,459,492,365,169,439,653,555,198,348
691,1,650,572,780,667,399,648,489,166,553,472,772,939,951,959
692,1,278,240,535,65,689,524,441,289,285,365,545,772,891,682
693,1,125,747,107,86,657,27,333,939,462,893,328,651,238,237
694,1,228,619,824,266,182,15,542,361,141,346,318,107,448,8
695,0,310,183,937,776,734,561,714,242,826,958,260,138,836,870
696,0,630,552,747,377,61,349,765,57,158,375,689,409,462,692
697,1,591,519,875,328,428,592,346,214,922,264,557,582,876,380
698,1,268,297,873,581,127,334,444,974,956,193,872,941,959,756
699,4,573,909,249,955,613,447,679,175,883,995,261,403,26,337
700,3,482,656,788,5,118,766,514,449,121,868,890,254,849,524
701,1,851,6,244,12,790,688,241,669,972,630,832,477,575,908
702,0,305,970,582,184,644,216,614,848,665,54,712,940,563,978
703,1,170,519,442,776,953,932,293,928,508,372,133,204,457,317
704,1,385,583,281,394,309,112,852,445,984,731,41,236,466,463
705,1,269,555,736,308,765,664,951,311,431,510,128,399,157,112
706,1,663,434,673,923,634,836,12,790,681,343,339,162,487,949
707,0,949,293,415,155,779,166,318,239,750,498,880,561,392,870
708,1,137,965,46,980,313,511,928,610,742,805,872,411,161,883
709,1,968,876,29,173,932,353,803,241,4,649,525,125,447,143
710,3,660,685,311,621,127,28,604,926,971,441,755,665,117,657
711,1,117,267,155,691,666,457,136,969,260,204,822,570,322,374
712,3,727,258,177,823,53,874,394,513,653,22,921,983,607,380
713,1,221,51,309,762,342,938,520,427,820,40,773,20,715,675
714,3,893,344,205,56,49,940,771,546,681,203,998,668,942,217
715,0,642,593,661,548,360,176,950,190,124,392,79,444,537,907
716,1,327,797,630,406,844,166,724,442,46,543,817,826,266,869
717,1,897,824,200,40,695,878,348,372,583,247,883,504,804,306
718,0,696,880,411,84,404,36,787,570,771,588,783,182,305,55
719,0,550,972,725,665,922,623,678,866,15,646,832,304,425,451
720,0,507,962,353,760,670,400,126,5,223,190,140,186,112,74
721,1,78,633,783,728,966,175,767,190,976,180,632,951,935,628
722,0,990,745,374,729,622,46,359,317,87,726,889,153,49,484
723,0,647,436,735,992,66,356,180,549,137,874,270,502,319,953
724,1,293,598,602,8,5,223,303,932,942,147,304,590,693,718
725,1,699,8,930,25,536,46,61,539,997,274,851,66,239,27
726,0,842,182,8,737,311,66,174,818,904,740,230,619,949,327
727,1,156,91,241,543,738,709,423,461,265,419,786,739,314,0
728,1,653,676,491,525,817,556,101,411,403,726,589,211,591,120
729,1,154,194,86,186,745,221,930,956,406,752,847,841,144,902
730,0,850,459,172,220,653,743,608,10,621,979,450,228,828,15
731,1,993,873,868,244,803,290,779,691,447,91,240,733,797,56
732,0,469,903,77,497,546,495,739,791,845,509,248,881,933,97
733,3,207,676,993,602,60,574,319,444,499,390,293,306,548,826
734,0,138,871,696,233,441,650,517,74,923,646,596,482,960,163
735,1,408,393,74,967,695,760,951,941,552,117,720,15,121,574
736,3,637,239,588,886,902,180,861,484,865,710,35,313,923,226
737,5,364,626,195,606,940,957,984,55,983,525,923,629,162,653
738,1,354,131,717,17,972,582,967,381,121,363,862,318,786,272
739,1,676,992,129,224,686,923,151,475,717,307,585,520,278,339
740,1,254,564,679,175,995,887,426,234,713,736,760,630,466,113
741,3,600,524,862,129,45,744,503,40,805,310,23,550,255,950
742,1,642,514,752,237,998,399,518,594,630,484,675,280,854,489
743,1,780,108,676,342,287,95,64,959,764,925,663,633,289,355
744,3,367,460,783,234,623,371,515,524,394,430,385,451,522,15
745,1,421,84,819,790,795,442,617,928,483,320,820,500,392,660
746,1,959,560,512,382,823,367,305,781,11,170,468,353,631,571
747,0,698,188,643,474,171,754,280,774,772,770,339,654,184,204
748,1,116,609,445,711,172,653,958,76,12,581,777,934,49,901
749,1,588,640,226,701,839,207,84,910,677,660,939,600,68,690
750,0,499,144,10,224,297,119,991,439,787,409,713,463,616,650
751,0,47,349,977,640,457,803,540,444,418,501,130,831,142,89
752,0,25,476,203,278,221,653,359,418,207,834,478,86,310,329
753,1,80,701,194,467,298,403,749,856,507,849,732,62,791,879
754,1,257,374,286,540,56,314,298,901,753,254,913,769,743,217
755,0,473,496,172,351,956,400,510,58,222,902,853,384,484,307
756,0,487,409,930,178,147,575,11,877,540,785,401,418,320,552
757,1,226,841,197,33,926,83,700,94,851,769,466,994,131,284
758,0,651,148,920,191,754,382,623,393,125,747,362,418,36,94
759,3,462,7,349,738,796,647,938,526,967,754,936,739,590,63
760,1,964,124,66,779,239,214,157,571,970,267,535,237,853,77
761,1,983,670,871,160,460,414,618,828,665,425,481,106,154,280
762,1,788,97,886,894,318,37,576,511,667,462,572,720,445,619
763,1,255,671,799,293,916,480,27,28,371,423,306,654,975,788
764,1,751,916,618,3,693,121,57,998,724,168,988,761,898,871
765,1,284,398,266,661,314,65,254,283,961,439,942,307,939,900
766,1,490,907,739,280,183,623,951,98,487,824,879,744,504,714
767,1,636,108,910,506,420,778,640,46,400,427,48,210,870,283
768,1,398,529,618,309,911,774,189,482,567,959,843,328,724,389
769,1,177,74,857,246,220,895,243,409,908,97,310,622,985,114
770,1,217,449,895,977,34,157,27,755,899,46,621,116,73,489
771,0,698,172,491,250,693,166,515,830,216,790,148,106,545,511
772,1,148,396,540,316,529,218,928,672,670,932,437,302,740,864
773,1,754,386,786,366,699,348,778,946,901,646,811,126,374,140
774,0,467,340,967,374,874,368,906,386,352,565,39,912,337,673
775,1,658,385,563,548,777,537,29,179,340,50,879,768,513,806
776,1,539,242,292,285,259,428,161,528,575,423,671,694,635,915
777,3,101,641,144,298,135,603,361,462,656,444,655,680,9,136
778,1,414,446,129,761,958,732,410,830,552,436,24,590,518,786
779,0,832,84,748,344,697,902,998,388,914,528,892,794,479,329
780,4,654,59,74,466,137,357,93,758,630,461,744,459,939,503
781,3,953,121,644,528,764,961,700,891,179,695,774,134,677,174
782,1,702,551,844,513,138,85,802,750,942,492,353,279,662,754
783,0,513,37,10,804,508,361,696,7,450,446,736,3,146,319
784,1,178,174,219,867,160,663,135,502,625,743,164,336,199,930
785,1,308,315,964,498,678,581,134,961,761,471,370,635,906,202
786,1,486,715,861,327,316,734,224,833,743,959,401,137,963,776
787,0,324,344,197,761,883,263,449,764,330,561,656,542,350,229
788,1,394,239,960,312,589,702,606,808,782,535,889,639,756,705
789,1,513,956,856,273,863,390,614,922,225,266,818,3,419,619
790,3,337,726,809,463,834,285,203,354,236,733,410,487,297,14
791,1,964,578,959,674,767,889,249,982,417,194,904,972,837,296
792,1,117,836,24,123,121,758,663,343,988,782,671,712,754,196
793,1,67,204,977,613,254,914,453,446,550,559,143,551,600,964
794,1,706,459,21,272,46,363,443,730,905,943,772,75,672,519
795,1,131,981,118,867,309,43,808,266,584,810,193,721,316,816
796,1,18,227,832,348,159,924,141,948,170,741,285,767,921,721
797,1,928,294,249,265,749,92,647,556,699,135,141,277,150,897
798,1,755,453,763,850,682,617,256,712,570,251,451,847,915,966
799,3,252,888,340,495,623,704,782,564,942,53,540,925,871,892
800,1,897,251,340,697,539,884,568,130,427,256,410,871,836,984
801,0,124,601,65,927,992,493,677,222,691,668,253,29,49,816
802,0,212,155,222,458,748,43,244,534,983,588,940,906,52,771
803,3,665,13,709,851,933,96,859,489,973,213,937,938,832,72
804,0,326,247,769,496,460,343,486,967,936,861,415,115,883,724
805,3,577,663,395,748,537,119,274,683,51,642,871,363,778,923
806,1,43,547,443,519,774,998,155,412,728,323,907,34,492,657
807,0,889,280,347,938,632,759,457,58,7,714,636,187,925,593
808,3,361,78,905,952,548,557,589,863,902,42,178,984,400,972
809,0,749,580,76,521,590,989,529,991,396,462,604,815,335,392
810,1,507,799,392,266,554,141,259,495,615,824,175,888,713,937
811,0,186,118,344,506,847,938,372,804,834,786,17,998,666,79
812,3,691,994,690,199,907,668,472,223,31,282,642,984,648,949
813,0,547,839,544,644,779,958,309,124,964,418,384,626,209,746
814,0,754,702,310,711,958,739,716,244,577,963,889,491,941,83
815,0,585,12,331,953,299,96,40,697,328,6,55,421,106,804
816,1,113,840,636,230,310,110,274,716,780,724,694,635,256,495
817,0,132,236,953,469,716,307,127,490,371,247,153,503,973,720
818,1,175,271,982,746,660,373,428,19,980,716,404,377,672,922
819,0,455,547,720,72,422,158,327,29,566,159,998,511,107,794
820,1,900,747,704,363,804,339,191,436,288,830,152,355,781,82
821,3,814,566,873,74,525,208,254,493,105,301,970,791,372,651
822,1,457,38,353,405,103,76,612,181,559,295,701,427,111,825
823,4,955,557,778,748,74,583,429,248,495,427,983,712,387,536
824,0,162,732,837,841,34,696,402,291,86,265,924,52,626,69
825,0,955,219,197,769,25,657,765,52,302,206,836,175,512,237
826,0,875,652,967,485,616,933,438,752,868,369,927,103,71,604
827,1,451,382,703,711,938,407,808,130,914,544,829,208,846,710
828,3,0,231,907,626,97,837,76,919,878,470,716,65,703,206
829,0,227,248,513,119,990,186,989,866,79,257,742,573,397,363
830,4,773,45,487,551,282,600,698,999,231,570,341,106,614,966
831,1,867,356,902,977,720,992,567,73,687,175,187,52,277,18
832,0,423,218,340,878,446,924,928,249,5,334,479,848,790,469
833,1,540,974,902,65,584,34,109,398,253,323,345,574,461,475
834,0,231,735,304,362,994,257,471,162,204,118,745,796,987,128
835,0,300,989,809,357,563,74,415,278,99,313,889,933,294,808
836,0,258,462,871,88,426,464,16,284,612,175,703,460,19,823
837,1,956,907,273,234,53,431,821,731,996,535,810,357,359,195
838,0,999,552,726,823,601,19,391,781,422,45,906,145,994,312
839,1,833,333,474,969,138,405,835,510,473,665,823,645,34,298
840,1,839,868,548,799,420,137,460,343,353,361,929,563,958,445
841,1,328,787,568,306,6,859,363,943,131,566,883,297,88,807
842,0,170,873,540,137,707,224,171,481,812,891,405,741,818,161
843,1,192,36,923,28,137,474,640,910,993,875,560,844,24,328
844,0,804,216,305,569,751,197,49,130,923,290,469,891,850,667
845,1,831,489,487,91,832,106,482,981,226,130,201,913,745,836
846,1,342,206,790,97,310,597,326,303,121,684,585,390,551,314
847,0,170,849,708,969,684,111,16,31,933,293,826,985,633,513
848,1,686,657,136,407,528,571,948,851,285,886,644,822,481,95
849,1,627,384,84,700,302,877,814,365,781,880,643,969,57,475
850,1,265,326,251,305,579,429,178,351,407,194,806,529,681,705
851,3,48,239,593,331,555,866,877,190,893,693,378,62,594,629
852,1,934,607,202,44,471,530,179,335,104,815,974,513,88,734
853,0,538,879,388,21,842,907,516,741,811,619,757,523,946,680
854,2,218,770,118,504,415,127,473,212,213,890,160,161,438,125
855,1,742,22,776,796,116,549,939,398,452,902,451,87,464,377
856,1,692,549,594,421,957,27,435,462,615,77,834,829,40,247
857,1,309,173,621,927,531,366,759,836,787,468,812,271,619,195
858,1,652,769,124,284,97,48,101,898,958,371,464,531,457,766
859,1,304,608,339,688,65,795,581,998,553,198,889,221,559,956
860,0,48,102,492,810,672,414,752,553,526,469,929,812,639,365
861,1,188,984,579,728,837,334,162,55,37,821,678,992,23,18
862,2,961,273,701,255,134,525,729,571,643,390,400,652,372,880
863,0,87,311,307,259,125,773,625,728,336,284,62,641,427,382
864,0,825,81,477,356,355,430,323,710,895,16,166,870,831,231
865,3,780,535,352,122,573,230,46,987,217,416,507,876,858,406
866,1,870,901,493,372,842,115,195,652,358,361,576,352,827,203
867,0,598,497,831,247,463,52,808,378,815,810,28,668,667,653
868,0,26,27,224,443,284,351,650,771,502,100,405,83,554,399
869,3,959,483,228,608,85,232,864,649,129,686,700,489,574,23
870,0,784,397,341,786,329,415,493,255,168,219,997,670,93,2
871,1,989,236,536,58,731,798,378,832,518,799,972,692,106,531
872,1,847,618,270,348,703,804,852,772,296,238,312,123,550,797
873,1,432,913,59,248,122,399,270,720,960,522,376,833,959,186
874,1,222,437,394,432,380,349,552,672,331,232,12,662,644,868
875,1,772,187,310,35,922,142,696,61,786,630,370,934,416,254
876,0,111,807,224,510,763,85,215,586,350,666,118,780,584,877
877,1,160,32,126,162,234,214,379,545,693,39,205,233,591,510
878,5,476,563,490,349,199,547,446,121,909,778,595,404,282,99
879,0,533,486,972,336,244,351,313,56,405,445,155,436,275,387
880,1,328,906,782,821,980,707,25,572,895,399,133,551,326,113
881,0,791,728,744,738,46,508,712,288,740,401,763,552,954,187
882,1,15,763,652,358,303,485,593,76,257,575,521,962,352,709
883,1,905,342,866,138,148,223,129,918,877,891,907,955,508,752
884,0,734,744,174,123,454,666,992,699,366,489,458,340,685,868
885,1,882,116,285,44,851,390,100,993,19,838,914,729,104,810
886,1,250,976,316,622,17,559,913,725,860,25,955,767,83,876
887,1,681,873,828,223,514,615,539,907,912,776,265,705,436,222
888,1,227,974,458,194,524,583,115,922,46,147,289,851,56,380
889,3,95,16,273,820,161,305,558,789,953,534,468,755,252,484
890,1,156,437,240,163,189,54,210,776,296,949,706,877,208,969
891,1,815,545,971,902,671,985,388,679,439,964,730,28,954,650
892,1,677,430,531,111,751,553,198,949,946,469,123,319,271,776
893,1,622,861,494,85,678,942,484,34,773,446,627,438,452,421
894,0,435,839,455,165,317,206,859,783,385,374,34,981,134,27
895,1,186,720,103,497,524,591,461,333,889,696,15,898,453,684
896,5,548,336,937,705,581,117,316,437,421,966,432,303,604,353
897,1,253,634,375,859,436,653,588,32,158,173,706,223,93,918
898,1,661,612,204,597,556,811,293,901,413,969,816,43,129,965
899,0,877,326,892,287,405,321,757,843,335,556,487,255,372,384
900,0,352,336,867,925,91,857,619,843,573,459,714,831,818,729
901,1,58,389,511,388,744,526,806,325,688,344,888,682,192,244
902,0,83,763,479,943,238,378,728,18,917,418,76,316,565,823
903,3,880,856,449,37,970,525,527,956,355,428,203,190,695,830
904,0,921,538,103,507,928,421,272,578,81,454,340,955,65,493
905,1,80,991,857,110,834,451,648,901,872,739,996,657,519,668
906,1,23,475,317,826,704,35,840,70,951,235,368,523,105,756
907,1,63,840,377,702,821,507,329,100,209,528,448,201,9,250
908,3,479,761,845,243,933,498,961,362,766,464,694,22,97,5
909,1,800,709,419,449,504,997,366,595,506,712,49,233,488,696
910,1,904,53,461,327,379,727,124,922,404,425,202,565,122,839
911,1,102,376,302,568,277,610,506,563,510,500,930,867,936,163
912,1,552,538,299,925,825,743,360,635,575,597,662,342,978,270
913,1,616,990,150,731,65,656,284,815,856,167,102,577,355,881
914,1,24,618,667,729,463,726,116,588,921,297,614,690,223,272
915,0,281,42,446,348,966,200,322,639,641,739,127,607,274,702
916,1,479,408,363,238,539,212,88,841,722,285,768,587,716,668
917,0,496,567,662,646,186,746,556,993,166,498,984,403,598,813
918,0,400,208,399,442,313,884,464,123,977,976,446,288,495,201
919,0,389,775,769,961,534,46,94,205,921,532,33,732,170,878
920,3,996,202,298,456,864,526,65,115,12,816,312,465,777,355
921,0,174,221,352,469,292,386,736,162,15,147,134,562,563,725
922,0,804,573,163,453,879,588,624,430,739,259,462,399,700,976
923,0,894,314,677,233,900,103,42,947,815,616,623,852,913,793
924,2,251,344,94,324,331,108,918,445,289,787,580,917,397,533
925,1,532,115,577,704,975,155,686,543,175,987,30,564,779,392
926,3,700,855,552,817,116,348,294,576,467,905,406,937,493,698
927,0,616,265,923,164,251,546,750,29,693,642,293,146,949,109
928,1,168,423,689,764,995,17,505,309,452,330,975,10,432,392
929,1,791,37,607,92,810,10,922,621,120,639,925,937,501,811
930,0,976,350,806,923,59,970,556,619,915,263,591,949,705,987
931,0,205,176,215,705,3,66,190,604,174,78,245,315,101,762
932,0,381,928,413,365,933,619,480,257,232,592,796,224,600,489
933,0,816,842,299,701,303,745,887,42,168,180,581,802,374,804
934,1,751,265,904,136,813,275,672,664,489,577,712,340,169,281
935,1,424,187,173,437,252,342,284,270,2,555,99,649,920,726
936,1,196,720,988,356,617,294,893,841,951,749,317,864,787,205
937,3,548,790,220,151,44,35,655,39,941,994,647,68,891,167
938,0,971,829,275,433,291,55,415,847,86,891,272,896,196,303
939,0,714,88,993,901,1,365,186,691,260,96,563,115,778,410
940,1,608,519,253,671,646,689,150,897,617,475,873,507,814,564
941,0,946,69,52,880,601,642,130,477,897,79,790,518,885,519
942,0,138,930,407,702,949,311,976,318,286,368,940,935,812,498
943,0,813,543,509,397,733,468,208,58,101,177,24,255,606,593
944,2,968,492,59,669,502,522,48,61,475,804,639,310,20,301
945,1,48,413,918,42,12,129,496,608,318,910,697,298,646,238
946,4,730,474,760,259,72,185,432,857,204,226,667,215,493,403
947,0,674,468,610,786,553,451,145,109,600,946,859,379,518,316
948,1,495,233,408,505,226,278,693,214,665,906,101,532,386,469
949,1,727,732,973,108,248,90,483,797,130,801,78,154,964,688
950,1,837,779,135,961,110,18,312,143,30,679,1,367,948,798
951,1,670,663,143,12,914,358,341,927,706,484,548,78,155,226
952,1,682,93,438,885,761,918,56,774,251,506,442,233,514,410
953,0,694,985,87,407,282,231,506,670,357,259,730,181,55,484
954,1,583,845,88,630,807,579,460,669,304,727,793,85,56,871
955,1,731,273,829,305,355,585,857,56,660,127,53,96,101,590
956,1,641,917,63,644,673,618,914,474,341,678,411,646,512,637
957,1,783,56,956,958,979,288,595,85,748,500,208,717,162,759
958,1,422,561,687,542,827,35,611,201,849,314,215,146,52,163
959,0,505,433,221,120,847,734,774,723,924,912,142,998,181,238
960,0,958,82,256,463,779,124,443,180,380,930,217,577,839,512
961,1,248,383,345,216,714,669,846,464,632,515,518,831,531,360
962,1,18,128,420,483,881,742,167,816,934,287,969,888,553,819
963,0,18,823,618,972,742,846,250,107,92,19,104,617,666,933
964,1,484,544,753,995,212,79,643,673,959,436,951,88,573,38
965,1,728,817,258,542,368,245,809,570,165,987,201,184,956,304
966,3,387,497,773,352,107,948,78,199,783,486,888,8,778,896
967,1,213,344,380,586,314,350,188,414,882,133,319,980,856,939
968,0,964,445,199,966,889,422,492,90,993,37,225,790,902,782
969,1,396,234,383,605,365,783,445,184,888,741,349,777,269,792
970,1,286,705,717,875,248,497,855,564,338,250,27,601,31,447
971,0,672,164,297,151,989,276,769,678,109,563,108,820,302,859
972,0,579,14,496,512,79,460,856,998,791,55,630,884,912,498
973,1,51,581,71,381,898,993,547,117,474,854,524,7,49,599
974,1,846,156,990,649,525,702,248,426,328,803,890,668,776,671
975,0,249,834,744,947,641,751,752,526,767,815,447,810,268,191
976,0,306,81,137,264,791,129,458,538,258,356,834,10,297,740
977,0,585,477,931,394,387,425,908,203,252,486,668,725,556,862
978,0,29,65,744,562,766,345,877,129,967,203,960,912,655,680
979,1,318,366,712,425,974,233,294,374,344,245,518,287,364,505
980,1,461,938,466,811,688,45,874,881,812,229,667,55,258,767
981,1,2,68,240,698,55,490,204,326,963,356,875,70,491,286
982,1,657,348,260,943,650,468,836,818,440,175,166,184,759,903
983,4,24,652,252,147,967,192,256,959,306,245,79,998,398,713
984,0,704,377,38,720,261,656,812,53,588,813,761,705,567,523
985,3,207,882,756,440,33,698,77,656,693,100,34,634,904,814
986,1,849,981,754,578,214,825,58,950,883,15,297,63,378,318
987,0,979,386,673,211,249,287,124,732,60,98,231,327,314,943
988,1,966,697,168,680,460,255,160,495,810,376,753,82,731,832
989,0,122,297,424,133,741,832,614,531,225,380,844,213,57,431
990,0,634,774,128,838,239,413,745,833,284,323,885,438,36,941
991,0,986,449,968,868,199,39,881,103,146,982,567,477,946,820
992,0,173,404,258,967,239,144,764,632,701,690,456,706,829,178
993,1,678,772,704,815,379,127,499,671,62,200,777,116,203,314
994,1,172,614,513,990,12,360,555,609,876,41,533,106,259,819
995,0,816,343,683,96,880,482,811,264,845,170,90,680,963,321
996,0,695,610,605,271,749,184,118,290,190,870,825,206,294,722
997,1,137,530,34,588,214,669,330,971,496,773,189,675,875,226
998,1,498,54,1,836,387,814,389,530,30,803,629,967,33,707
999,0,288,410,333,351,423,942,497,885,684,16,54,826,344,51
