0,1,447,94,407,841,143,322,838,581,202,212,546,719,442,533,100,799
1,1,846,565,243,588,379,480,474,309,394,202,292,311,236,630,56,147
2,0,837,290,944,988,963,918,614,956,80,739,402,428,285,229,924,230
3,0,319,146,489,22,561,737,224,740,852,569,311,949,813,212,730,441
4,1,465,616,587,213,520,687,854,960,62,904,111,166,660,648,459,596
5,0,794,184,440,394,718,978,855,172,22,735,707,784,783,555,738,572
6,0,921,334,892,772,447,907,370,699,880,183,278,64,501,909,111,32
7,1,866,143,828,628,318,980,839,562,515,932,541,648,718,254,235,646
8,0,390,718,937,165,967,776,281,447,233,282,587,131,809,135,574,916
9,1,331,604,301,164,480,48,289,93,159,438,951,419,662,661,512,272
10,0,688,103,174,107,666,810,275,475,641,362,277,24,737,823,9,945
11,5,963,361,553,531,795,479,259,634,611,220,799,954,756,100,420,865
12,1,849,297,477,962,485,370,506,253,456,155,210,831,123,872,902,248
13,1,661,673,61,888,613,762,91,260,999,455,528,174,326,64,576,596
14,3,594,688,493,787,16,825,642,956,751,784,775,993,983,154,151,891
15,1,230,798,679,788,149,849,33,747,14,772,969,503,642,776,512,766
16,1,307,138,828,161,718,390,144,765,762,293,847,980,695,386,917,30
17,1,293,885,302,418,12,331,499,413,574,263,184,930,806,264,613,381
18,1,933,111,104,175,773,598,893,279,295,476,483,169,980,594,72,685
19,0,47,71,310,350,227,435,640,185,5,817,898,825,79,451,639,186
20,1,907,277,526,508,887,593,313,494,762,389,924,792,489,600,921,511
21,1,400,341,902,571,367,543,236,772,756,779,80,33,402,532,161,662
22,1,856,871,641,388,37,384,657,836,801,603,466,231,34,334,703,776
23,0,283,46,352,122,114,250,390,254,795,562,897,675,149,930,145,816
24,3,237,129,989,713,708,744,958,904,200,460,816,984,806,809,105,168
25,0,301,218,376,45,864,122,732,650,466,977,366,276,363,321,654,244
26,3,121,305,40,76,136,795,334,493,672,763,246,540,278,49,766,230
27,1,603,407,528,880,212,45,596,889,253,449,524,713,964,513,924,427
28,0,472,70,617,651,79,381,595,427,274,843,367,308,665,759,56,313
29,1,89,275,733,313,989,657,625,563,719,284,648,218,226,81,328,614
30,2,327,375,962,130,476,650,545,118,542,18,438,11,930,858,39,615
31,1,138,696,477,726,399,219,507,899,9,401,511,383,720,196,330,900
32,1,963,28,994,877,571,826,467,682,96,768,798,556,505,142,487,385
33,3,156,439,690,979,842,283,640,774,545,317,749,998,129,320,900,420
34,0,205,107,603,575,587,316,151,845,809,699,923,631,238,379,995,475
35,0,742,231,296,351,949,964,631,503,754,145,711,828,732,706,71,293
36,1,167,512,769,738,271,692,794,325,223,154,975,451,409,436,706,173
37,0,530,588,27,236,151,553,912,346,156,510,301,771,184,729,234,653
38,1,488,844,590,122,769,9,504,337,586,146,298,415,926,709,317,245
39,4,298,968,835,893,221,750,443,652,542,520,634,20,996,24,926,177
40,1,194,502,670,548,690,344,218,632,95,543,422,736,401,862,283,653
41,0,921,468,804,734,267,639,928,489,703,946,124,675,473,129,941,196
42,0,481,18,770,961,646,435,346,290,986,297,286,555,272,478,855,953
43,0,761,335,639,998,174,457,129,350,706,385,626,77,721,247,60,597
44,1,506,296,831,139,655,586,631,78,168,874,715,212,516,838,729,917
45,1,627,986,545,976,656,470,290,500,505,186,608,730,412,714,595,737
46,0,74,369,215,140,123,473,738,889,68,755,45,970,235,32,571,207
47,1,994,905,558,708,754,434,318,61,33,771,611,424,912,406,192,294
48,1,364,911,92,731,250,249,721,561,989,226,906,887,68,234,494,823
49,1,888,199,543,252,129,151,925,8,116,843,114,84,971,712,282,654
50,1,914,920,683,546,601,682,235,81,207,271,190,757,578,493,36,19
51,0,576,98,341,327,408,801,73,884,871,571,419,427,542,364,560,540
52,1,117,268,636,402,53,745,392,488,376,735,624,728,16,256,56,409
53,1,384,898,425,653,267,692,871,499,224,213,731,217,736,996,314,211
54,0,320,928,66,433,367,442,381,317,49,674,311,193,497,678,630,752
55,4,156,540,881,666,872,929,783,641,26,570,90,412,834,585,65,142
56,0,781,812,744,20,608,495,395,398,34,771,461,873,18,825,838,606
57,0,641,83,51,125,368,512,218,415,858,878,164,603,708,491,810,592
58,3,540,429,925,723,758,609,608,721,702,548,329,196,436,741,96,479
59,3,335,204,538,687,255,975,235,966,921,996,295,483,774,398,418,944
60,0,152,73,963,834,220,908,771,178,313,710,461,431,116,177,789,126
61,1,650,35,803,436,306,248,103,797,949,261,924,815,499,584,64,922
62,1,903,248,716,243,155,418,176,582,985,135,662,873,272,23,924,300
63,1,860,665,199,754,820,552,704,355,610,190,158,183,836,52,771,8
64,0,555,268,173,977,693,853,472,426,653,891,499,826,498,757,451,475
65,0,310,966,373,853,336,802,143,746,836,608,999,290,356,359,323,650
66,3,433,660,555,490,938,11,933,860,764,266,884,34,252,548,467,574
67,1,988,647,141,364,661,610,802,755,130,370,856,347,265,645,890,489
68,0,812,919,486,525,378,792,873,84,52,512,964,823,220,648,862,366
69,1,161,192,888,97,237,718,293,973,790,473,343,670,649,114,82,714
70,0,546,533,176,917,88,783,79,515,589,992,796,210,460,673,544,764
71,1,466,581,164,246,254,534,557,499,219,194,179,244,49,614,357,302
72,0,185,173,951,939,348,175,571,148,91,673,417,257,373,656,381,903
73,0,681,586,532,951,817,118,161,292,632,723,114,346,989,837,85,974
74,1,363,515,758,53,173,728,879,240,754,656,38,27,500,392,101,15
75,1,143,460,250,285,153,293,421,15,456,929,166,869,599,169,440,589
76,1,422,653,436,343,909,847,149,446,500,392,698,492,947,353,205,254
77,1,702,900,351,747,558,706,249,992,724,123,786,802,259,671,117,892
78,0,368,323,179,894,455,815,129,72,982,286,55,578,796,552,212,470
79,1,195,453,206,533,146,114,574,587,526,780,952,178,982,682,507,371
80,0,696,744,752,493,614,351,899,984,479,916,113,595,558,736,272,368
81,0,659,810,269,723,704,650,23,152,47,323,608,479,24,678,474,38
82,0,255,500,730,141,277,493,150,885,502,521,258,189,365,311,628,754
83,1,257,130,822,213,508,957,353,428,469,236,847,696,205,759,367,966
84,1,810,884,812,395,654,533,320,577,870,538,960,768,839,925,318,287
85,0,691,97,318,600,225,73,482,215,344,4,116,243,220,93,469,685
86,0,279,552,542,142,713,947,640,21,982,39,654,113,72,456,879,958
87,0,353,52,708,0,454,896,189,943,709,589,419,385,178,816,866,240
88,1,104,926,819,294,830,685,207,303,997,36,183,586,777,237,775,721
89,0,554,594,589,620,818,154,98,261,311,840,852,890,676,410,212,409
90,3,252,380,646,148,516,2,674,237,371,649,426,321,826,607,666,721
91,1,479,196,980,242,514,260,413,961,633,627,120,680,779,181,185,448
92,1,386,872,408,682,653,273,296,949,164,481,176,452,407,270,522,741
93,1,998,469,549,250,5,760,313,334,303,385,20,892,825,653,315,602
94,1,721,952,937,528,558,117,257,438,212,532,663,993,713,615,628,157
95,1,693,510,21,280,235,543,176,887,842,966,876,989,940,125,769,928
96,1,616,870,114,486,655,596,699,108,989,986,76,456,479,317,260,778
97,1,288,709,398,333,216,580,256,110,600,145,988,16,875,999,15,909
98,1,832,57,6,966,766,782,28,120,194,480,741,103,744,610,137,995
99,0,164,703,301,14,185,584,503,162,156,347,672,946,242,539,692,304
100,0,988,518,71,604,756,162,313,521,104,31,254,132,892,425,223,955
101,3,483,307,708,593,264,717,532,552,603,785,857,699,918,693,688,739
102,0,645,882,672,65,540,58,546,888,165,233,500,490,49,400,992,968
103,1,624,755,409,40,166,137,252,995,965,64,73,285,676,840,913,487
104,1,504,618,764,189,829,260,533,581,83,281,330,86,605,813,413,338
105,1,257,555,196,561,545,774,171,63,405,232,420,944,511,463,185,842
106,1,420,966,579,242,688,602,97,573,771,351,135,380,208,256,312,59
107,1,962,15,812,551,706,156,145,870,130,605,516,963,791,897,474,31
108,4,314,178,329,569,697,599,534,620,580,612,137,151,33,792,268,529
109,1,265,899,164,530,730,394,716,69,108,782,662,282,19,388,236,53
110,1,118,984,17,388,212,980,874,527,430,403,136,317,489,760,161,170
111,0,837,888,988,884,705,563,975,717,385,313,806,865,450,620,427,337
112,4,558,447,876,786,371,696,704,463,176,292,618,245,164,523,587,438
113,3,619,693,207,886,117,838,482,147,620,364,470,333,997,911,818,871
114,0,211,781,43,593,104,433,76,0,64,677,319,924,503,654,510,313
115,3,642,934,392,145,150,176,253,918,997,836,535,532,762,480,162,231
116,1,968,761,934,293,673,653,684,175,515,235,908,188,84,823,284,211
117,0,285,586,98,735,998,31,66,113,360,203,871,80,302,374,920,230
118,1,449,476,192,575,922,521,237,858,146,535,610,746,527,632,494,777
119,1,57,953,603,413,358,168,440,431,584,260,510,854,397,13,907,726
120,1,776,177,640,291,368,649,600,684,790,181,540,50,381,58,864,88
121,0,22,663,330,200,785,587,733,832,646,508,419,650,227,973,341,290
122,1,484,695,506,297,224,444,27,814,808,290,456,779,487,812,751,797
123,0,792,808,331,492,710,508,317,761,259,855,692,435,671,61,759,890
124,1,155,785,792,565,332,103,815,824,6,980,447,937,817,525,180,694
125,0,132,683,639,582,818,679,300,820,77,502,591,647,295,788,479,935
126,0,153,421,801,89,919,228,224,237,790,331,384,348,795,88,890,577
127,1,164,22,264,534,437,100,247,266,363,307,732,379,446,171,830,253
128,1,60,660,896,145,556,702,574,891,398,960,302,276,216,712,232,298
129,0,351,564,768,520,701,874,757,565,474,398,710,67,715,937,650,55
130,0,398,634,760,534,229,34,963,643,445,641,510,517,513,310,637,540
131,3,872,190,333,565,338,939,938,95,138,230,894,28,329,980,12,931
132,1,66,500,449,388,579,707,841,785,549,540,551,909,204,745,337,166
133,1,581,63,673,922,997,291,488,931,738,774,332,859,14,783,767,582
134,1,584,579,175,524,803,351,798,435,305,468,632,771,809,960,870,148
135,0,110,519,359,25,443,727,449,265,173,673,240,214,166,706,993,121
136,1,436,711,187,821,922,570,762,134,807,357,564,410,211,46,733,799
137,1,49,386,940,399,946,854,438,993,931,115,754,865,654,30,491,466
138,1,329,281,743,600,500,971,891,447,331,487,457,793,693,886,537,303
139,0,989,482,426,842,485,117,774,331,776,382,570,942,589,883,894,990
140,5,536,410,842,632,699,9,76,994,681,843,788,537,454,953,767,793
141,1,505,201,988,21,771,19,430,368,6,463,515,255,333,740,657,135
142,1,24,260,126,905,603,829,409,123,423,74,526,177,810,917,717,633
143,0,606,428,457,699,881,931,852,297,583,118,421,260,441,586,585,987
144,1,710,852,584,368,202,346,444,567,582,650,749,527,524,959,12,211
145,1,298,136,83,932,23,922,937,801,876,808,530,309,432,153,376,670
146,0,816,884,680,206,584,670,259,154,896,201,860,994,703,775,141,773
147,0,643,859,888,775,483,76,399,405,730,440,360,277,523,229,636,644
148,1,879,302,178,999,128,247,318,848,484,129,159,429,819,959,942,179
149,1,858,44,633,201,206,121,857,761,820,922,417,415,601,234,779,774
150,1,713,848,566,750,664,509,907,47,779,618,541,107,297,18,135,471
151,0,460,476,389,618,439,976,927,101,290,176,720,470,667,401,281,983
152,3,921,968,897,724,926,154,292,369,942,332,394,471,310,443,854,593
153,1,659,962,881,552,591,886,501,829,369,839,699,241,602,784,32,974
154,1,139,38,738,648,304,90,981,350,731,680,324,478,243,82,836,383
155,1,713,812,112,638,419,586,741,778,752,119,158,496,983,292,293,350
156,0,779,342,131,164,583,772,641,345,515,499,952,533,317,268,422,104
157,1,103,553,27,601,859,649,564,104,866,458,366,615,622,374,86,995
158,1,947,854,747,882,768,327,433,407,379,550,153,847,807,602,622,783
159,1,154,542,463,757,967,356,271,115,122,385,755,274,995,761,411,30
160,0,187,817,943,275,38,419,757,363,625,109,533,192,896,236,185,649
161,1,787,501,850,156,981,250,319,23,753,522,401,882,914,476,779,500
162,1,592,994,78,503,817,73,777,168,958,205,591,191,773,964,925,608
163,3,724,473,241,735,802,784,43,661,816,108,268,840,627,470,483,964
164,1,621,144,952,102,416,776,546,442,337,787,408,139,278,456,394,221
165,1,662,433,706,699,948,147,97,400,815,759,935,623,570,367,674,573
166,3,835,689,920,569,775,785,459,990,219,414,885,489,880,577,626,742
167,0,850,711,268,235,922,899,961,676,321,912,159,500,153,684,637,56
168,1,882,544,448,263,597,301,489,614,131,746,46,254,232,220,807,579
169,1,649,162,433,864,161,841,501,85,785,727,313,557,321,697,588,408
170,1,537,838,660,454,3,884,156,831,301,219,187,271,701,385,356,181
171,0,535,285,6,345,746,914,577,908,267,379,375,870,460,997,588,307
172,0,175,209,252,960,755,962,797,350,96,308,850,764,225,452,83,268
173,1,341,844,257,935,337,375,288,281,509,120,361,701,973,712,516,588
174,0,947,358,146,971,329,870,38,944,644,367,53,177,959,922,355,993
175,4,647,683,769,421,602,825,780,132,194,820,307,613,531,962,431,759
176,0,313,836,128,265,291,621,688,238,665,786,463,770,282,349,82,196
177,1,922,455,105,169,767,165,382,467,995,615,651,48,0,107,129,259
178,1,930,617,772,688,835,23,530,948,283,263,702,414,773,1,128,354
179,4,504,797,324,192,14,318,232,736,950,890,719,343,637,747,472,214
180,4,876,172,961,252,990,571,230,759,276,251,465,132,449,386,405,700
181,1,922,345,865,654,831,346,645,505,468,738,160,8,57,282,678,633
182,0,839,364,677,234,875,431,537,426,459,39,635,478,322,193,599,896
183,1,341,84,292,376,811,512,494,257,515,27,729,778,599,399,234,220
184,0,923,178,365,500,21,468,805,526,50,155,926,563,54,981,205,523
185,1,527,96,562,84,711,535,886,570,433,390,618,835,513,391,857,388
186,1,835,123,481,657,735,987,229,553,406,125,403,560,132,274,653,792
187,0,698,748,435,769,592,277,319,217,535,331,645,309,402,722,290,941
188,0,583,798,138,182,996,924,623,527,328,893,37,575,442,67,417,819
189,0,365,8,375,176,500,124,466,554,641,938,904,545,807,427,699,783
190,1,46,246,399,559,501,421,832,626,311,99,361,671,509,238,691,59
191,0,267,688,268,951,833,12,610,636,401,71,999,910,246,415,729,944
192,3,106,125,60,437,964,564,966,682,483,890,272,430,245,914,832,887
193,3,224,112,504,97,447,67,536,228,922,171,11,959,421,23,670,60
194,5,571,827,950,835,127,543,969,980,548,107,85,315,346,961,681,413
195,0,627,531,927,23,678,895,917,324,252,911,812,379,119,862,848,987
196,1,354,973,366,132,448,210,718,658,231,195,408,499,149,818,157,726
197,0,73,666,867,516,132,939,683,32,517,959,705,900,643,107,47,42
198,0,889,987,450,556,627,60,47,588,121,593,775,137,400,902,580,750
199,4,611,710,231,502,557,227,715,868,463,958,165,234,286,826,85,401
200,1,513,715,432,789,221,863,527,551,262,509,871,554,587,416,818,437
201,0,73,145,87,562,51,123,234,909,100,935,811,462,445,700,426,450
202,1,193,985,803,318,920,466,257,615,35,388,594,575,200,232,267,120
203,1,466,624,265,444,130,319,554,955,489,827,269,85,647,922,96,63
204,0,944,298,486,339,592,320,597,668,74,741,364,990,521,23,121,930
205,0,147,60,835,241,74,355,820,555,12,392,215,41,197,457,180,880
206,1,902,166,25,723,454,136,713,427,79,747,82,229,441,329,694,561
207,0,725,712,883,158,292,263,371,358,753,962,177,250,280,895,869,886
208,0,254,541,573,41,204,989,577,199,127,540,406,291,322,526,611,779
209,3,202,933,156,735,590,225,431,952,180,659,844,913,98,779,867,739
210,0,767,570,906,949,755,80,616,179,997,206,243,964,697,933,753,589
211,0,804,391,229,596,376,234,721,774,528,913,895,834,203,321,849,751
212,1,349,507,537,592,906,460,408,213,749,377,647,888,59,558,284,531
213,1,677,416,394,363,412,270,171,791,93,286,475,448,846,176,396,594
214,1,506,337,683,996,158,957,678,746,54,51,219,479,405,148,568,132
215,1,654,785,792,79,76,437,761,906,108,120,237,196,933,85,465,130
216,1,888,880,2,652,756,391,793,60,375,333,963,149,928,938,365,663
217,4,724,330,198,437,533,614,575,984,346,326,224,629,229,596,539,467
218,5,503,763,97,982,391,497,727,180,411,484,645,593,192,235,883,428
219,1,56,697,125,665,133,536,150,373,803,809,165,473,286,126,908,344
220,1,499,815,884,793,583,406,50,585,120,444,569,516,830,469,83,101
221,1,96,247,753,231,169,756,52,746,909,311,236,685,938,982,782,15
222,1,157,548,641,322,974,276,804,761,119,840,633,493,307,210,398,464
223,0,934,569,195,672,108,548,402,857,6,377,643,604,697,425,423,264
224,0,399,255,514,444,31,193,570,382,195,872,417,378,39,586,425,253
225,4,340,101,952,913,297,883,173,50,753,891,202,755,659,177,245,473
226,1,103,674,366,695,807,432,572,725,498,264,303,690,146,923,82,712
227,0,735,695,827,594,324,120,859,832,777,271,655,652,990,975,446,620
228,0,451,681,649,849,579,850,781,333,696,646,107,99,380,243,703,591
229,0,715,870,915,702,75,218,354,440,752,450,353,861,970,712,334,799
230,3,363,197,397,185,548,549,641,927,682,936,590,259,278,866,404,156
231,1,335,214,412,325,569,688,974,950,336,737,73,593,322,234,936,447
232,1,399,22,812,269,191,89,123,16,333,870,451,526,381,458,421,456
233,1,96,168,443,0,454,237,334,466,88,697,611,896,232,203,360,125
234,1,218,741,151,42,705,497,629,507,286,757,127,896,30,834,422,163
235,1,196,1,361,38,351,392,592,587,378,965,259,815,980,900,826,354
236,0,349,964,217,309,640,432,389,624,179,325,235,413,901,780,99,117
237,1,593,835,521,729,409,608,411,823,476,548,985,527,502,915,85,120
238,5,554,20,593,605,934,890,236,310,656,237,473,752,337,627,641,583
239,1,535,144,28,211,518,711,237,84,6,689,497,853,58,790,329,510
240,0,400,314,315,692,205,473,680,863,141,168,263,233,743,53,909,877
241,0,43,384,434,791,823,78,154,976,288,433,408,991,677,9,28,743
242,1,571,713,52,197,331,838,786,81,179,877,548,822,651,743,949,626
243,1,448,130,223,399,201,707,538,729,356,24,688,991,937,200,810,567
244,0,816,700,814,226,41,99,620,329,400,268,185,27,399,831,839,560
245,1,807,318,317,834,839,606,83,982,67,892,449,673,955,822,378,745
246,1,451,348,504,67,145,386,123,991,27,673,458,965,693,906,952,12
247,1,349,190,943,72,845,211,472,526,945,641,869,493,901,216,817,949
248,1,11,156,572,976,217,649,415,137,975,980,126,405,284,77,469,303
249,1,486,975,677,976,349,527,552,695,673,448,680,688,717,299,548,598
250,1,976,259,671,973,11,351,639,881,774,314,322,422,318,20,756,822
251,1,594,918,401,85,822,904,651,624,34,977,819,897,146,19,467,298
252,1,573,311,634,132,248,956,862,288,192,750,176,883,773,380,212,885
253,0,370,933,387,741,177,305,492,313,467,567,836,50,629,981,737,676
254,1,625,536,11,477,833,939,410,653,919,562,201,538,372,233,278,896
255,0,74,307,892,245,867,573,156,525,354,457,682,1,246,914,746,61
256,3,689,878,858,201,228,554,37,674,164,758,197,340,962,309,785,82
257,0,944,396,917,658,730,987,769,498,779,93,39,495,969,764,161,306
258,1,213,426,207,53,350,528,589,73,256,279,309,896,688,282,613,498
259,1,981,367,75,235,704,935,72,206,221,556,430,209,584,378,168,140
260,1,623,841,721,903,887,633,937,437,711,47,573,948,257,954,859,822
261,0,473,141,28,952,502,656,160,146,13,524,994,346,724,977,250,363
262,1,801,23,736,658,429,902,38,919,47,812,943,453,524,873,935,953
263,1,301,879,76,178,810,83,168,651,775,291,614,217,539,44,23,426
264,1,133,584,664,700,931,894,585,566,630,88,617,729,211,104,716,408
265,1,585,597,603,562,741,766,577,792,955,380,582,415,48,395,830,682
266,1,935,711,707,609,882,225,947,633,163,455,493,328,392,670,98,912
267,1,8,335,936,438,63,183,935,691,635,439,754,979,226,424,916,640
268,1,784,431,954,577,447,537,958,805,156,892,552,545,275,982,138,438
269,1,918,491,557,665,809,505,763,181,511,564,776,612,962,787,893,637
270,3,258,501,240,299,765,653,336,970,905,657,368,95,425,26,554,986
271,1,253,421,442,801,946,635,273,317,186,297,279,818,189,936,141,59
272,0,748,914,639,251,646,20,666,311,934,409,629,823,631,500,561,633
273,0,129,512,712,69,379,452,753,351,811,940,682,416,887,39,7,979
274,1,319,679,797,343,198,798,370,285,322,497,268,487,565,100,442,480
275,1,556,473,879,306,651,882,535,438,896,6,780,948,150,902,523,276
276,0,182,454,599,946,254,395,55,306,352,235,262,878,356,342,237,566
277,1,567,249,289,166,104,127,929,932,257,118,856,910,307,725,136,352
278,0,350,315,657,96,902,444,127,809,670,363,614,474,912,286,976,195
279,1,332,141,964,715,267,804,92,538,556,179,693,544,216,793,330,984
280,0,563,855,559,757,787,246,218,240,338,372,536,178,270,810,535,238
281,0,182,343,436,843,220,951,467,830,42,920,727,976,504,836,984,977
282,0,940,188,415,273,265,976,550,382,873,12,664,138,797,248,380,732
283,0,504,404,791,953,333,372,128,354,106,886,157,529,967,427,53,835
284,1,690,843,800,567,40,435,802,139,659,943,256,498,808,135,827,958
285,1,326,765,221,117,708,359,768,143,637,170,235,384,363,493,517,740
286,1,269,68,133,606,717,127,356,358,620,765,836,889,875,502,967,249
287,1,957,621,312,112,278,979,442,650,721,427,356,184,198,969,282,675
288,0,162,496,688,602,312,294,756,507,407,911,322,856,734,880,191,621
289,0,221,127,463,347,678,959,929,838,630,711,969,765,293,72,982,12
290,1,533,415,110,71,654,582,393,133,838,968,102,866,834,563,890,433
291,1,714,355,946,95,696,548,115,118,818,216,821,760,178,722,839,210
292,0,500,96,671,410,553,312,114,684,871,320,607,690,406,677,86,166
293,0,782,666,532,808,344,137,580,722,500,618,868,67,549,615,683,942
294,3,972,476,949,55,554,566,602,660,633,260,639,781,637,405,624,918
295,1,208,665,877,434,596,433,321,89,155,990,824,14,471,716,878,270
296,0,721,756,713,204,794,509,356,965,844,705,58,680,746,342,176,673
297,0,34,885,79,255,9,146,614,476,706,868,156,647,3,972,299,969
298,1,805,572,183,32,431,563,961,649,728,340,722,192,220,605,42,346
299,1,435,628,712,286,337,760,698,380,386,632,709,485,289,900,15,580
300,1,597,433,537,610,67,988,707,199,895,958,452,462,486,336,358,195
301,1,489,134,270,372,11,275,750,573,41,403,701,457,358,720,884,562
302,0,967,620,160,461,328,990,595,273,694,796,996,224,608,393,744,194
303,1,397,261,404,936,590,646,767,230,741,707,592,998,38,231,271,582
304,1,556,141,12,713,657,467,689,653,961,3,957,870,402,635,637,633
305,3,950,496,338,756,136,807,854,161,872,647,304,758,127,109,472,221
306,0,861,63,5,621,843,883,890,858,353,740,449,737,856,776,700,313
307,1,420,991,309,481,303,462,874,202,205,396,671,939,908,958,439,547
308,1,151,905,342,889,901,563,669,325,454,533,349,416,524,661,57,377
309,1,441,614,324,758,239,85,625,714,413,989,195,374,579,649,911,209
310,0,971,196,292,743,325,135,661,994,670,929,35,234,607,712,721,969
311,1,211,517,598,748,338,416,434,90,745,61,237,877,304,40,922,719
312,0,129,571,441,273,509,483,407,667,232,738,314,52,295,300,197,710
313,0,644,953,145,62,629,365,833,344,617,793,626,506,665,394,176,66
314,1,104,83,382,463,412,305,318,592,868,255,912,701,644,681,737,888
315,0,213,436,123,255,341,684,64,767,888,919,454,889,429,274,938,476
316,1,981,323,865,113,120,871,738,701,92,312,588,248,830,581,866,917
317,0,474,614,403,253,234,74,209,570,593,273,721,405,81,516,663,671
318,1,884,650,711,643,775,560,62,638,990,849,585,648,116,481,846,586
319,0,492,32,469,992,550,405,348,273,327,436,112,282,324,790,116,868
320,1,550,193,260,779,502,137,924,588,806,387,942,614,29,567,280,216
321,1,645,798,503,394,775,150,797,478,167,117,888,637,847,306,22,698
322,1,993,22,265,161,886,803,276,485,820,682,614,573,516,150,947,7
323,5,35,68,14,8,913,625,760,867,944,963,683,491,512,854,696,780
324,1,18,358,490,226,10,512,632,494,344,291,315,896,787,586,104,374
325,4,737,443,164,454,300,62,827,182,617,322,57,877,797,44,986,781
326,1,884,822,826,586,189,598,202,9,930,17,626,704,417,780,647,799
327,0,782,6,743,876,772,862,279,800,554,374,203,733,91,164,329,846
328,1,316,523,179,711,716,641,650,45,956,169,361,963,331,286,460,895
329,3,539,735,57,901,766,888,151,555,982,824,292,337,748,785,844,807
330,5,304,947,25,337,731,300,633,129,312,397,497,943,783,409,414,645
331,0,211,254,479,391,657,276,111,358,163,688,893,411,401,814,168,229
332,0,415,662,795,604,557,610,273,597,354,645,899,90,305,713,731,288
333,0,197,332,933,165,562,262,849,373,616,871,775,549,337,911,619,112
334,0,143,851,679,299,531,421,41,633,840,76,115,371,901,638,635,526
335,0,585,124,170,635,144,657,784,899,925,908,754,308,616,704,647,837
336,0,313,688,346,306,179,74,595,407,865,636,320,191,534,872,849,260
337,1,301,363,768,584,529,713,548,988,839,952,909,4,823,88,155,172
338,0,734,55,362,222,221,764,363,457,717,821,168,498,678,638,591,810
339,1,94,594,107,943,877,997,415,171,248,33,606,255,358,753,792,7
340,1,744,863,35,110,567,772,919,501,48,416,742,119,643,885,213,379
341,1,942,248,873,290,92,636,105,641,213,114,582,944,256,725,32,592
342,0,746,654,501,374,717,844,568,249,955,359,637,320,175,137,346,987
343,1,455,110,192,656,536,804,801,440,847,953,88,24,851,55,273,72
344,0,405,973,591,159,989,122,212,190,827,460,240,714,831,682,487,471
345,0,727,342,183,417,412,387,831,607,406,922,245,383,532,173,479,776
346,1,285,65,188,172,523,435,420,589,239,911,935,382,293,33,743,704
347,3,924,384,753,80,540,740,993,713,72,160,524,400,419,229,762,270
348,1,53,235,134,958,341,574,458,585,681,590,0,789,143,377,820,586
349,3,266,672,929,555,107,789,340,479,61,31,573,88,158,198,218,981
350,1,83,984,353,914,582,655,756,310,893,859,215,381,636,682,673,81
351,1,570,293,527,933,895,826,102,716,935,217,193,471,359,111,946,223
352,0,607,778,600,803,448,587,594,915,421,253,643,343,932,661,834,696
353,1,89,604,621,896,490,832,747,550,919,856,735,87,783,194,754,744
354,0,306,910,545,988,488,853,575,926,626,193,982,137,343,283,230,939
355,1,694,336,562,290,563,653,184,678,918,796,438,813,94,188,431,745
356,1,471,444,347,659,237,39,576,404,960,187,792,377,666,388,768,155
357,1,19,787,130,542,2,652,627,424,905,83,890,318,355,969,507,599
358,1,604,924,104,931,457,741,292,161,759,13,298,97,948,102,271,740
359,1,579,440,833,876,182,745,960,589,590,930,234,922,257,987,254,471
360,1,764,673,279,647,874,97,994,107,555,713,41,319,696,441,969,13
361,0,299,993,29,501,55,925,91,823,922,581,142,627,600,936,104,723
362,0,286,890,714,572,534,548,272,308,698,590,741,622,118,970,692,148
363,5,498,190,869,953,682,138,82,360,917,180,333,806,497,434,395,899
364,0,316,575,336,499,924,728,786,344,704,598,999,441,542,888,880,607
365,1,7,443,506,348,261,548,139,497,481,960,247,163,293,530,437,640
366,0,646,302,421,243,237,874,168,220,491,582,436,885,162,927,191,125
367,1,550,725,290,219,194,284,482,175,536,272,910,112,727,558,551,307
368,1,742,862,810,132,172,772,155,577,321,409,347,370,36,327,224,934
369,3,735,569,734,473,939,453,216,572,741,503,968,690,736,305,814,170
370,1,835,338,773,675,28,301,513,88,385,159,520,960,313,374,59,123
371,0,159,403,760,645,348,527,870,927,263,845,970,989,365,480,455,445
372,0,898,108,831,76,333,879,577,350,452,489,706,559,371,539,255,744
373,1,387,846,113,232,588,442,752,194,784,969,280,684,876,293,668,377
374,0,344,682,199,887,778,308,424,120,179,316,866,366,484,900,28,440
375,1,616,3,226,284,95,646,327,644,146,54,866,701,61,84,955,417
376,1,892,408,67,46,470,582,607,469,292,461,734,758,830,794,789,242
377,1,832,218,759,241,483,639,859,903,475,809,700,801,476,151,667,810
378,1,447,690,102,779,70,423,349,696,62,290,96,184,155,536,705,786
379,1,108,547,341,575,931,697,520,623,238,987,402,970,129,417,601,956
380,2,422,36,230,360,927,217,643,948,585,552,826,638,211,106,400,362
381,1,978,932,411,395,128,262,204,201,714,864,196,169,115,18,758,984
382,1,947,925,859,507,831,26,573,907,591,71,590,130,726,820,566,735
383,1,517,941,451,721,700,342,596,232,769,67,498,425,118,684,777,351
384,1,597,761,136,191,880,192,756,335,4,470,581,180,87,959,499,302
385,1,681,576,9,815,549,820,138,559,830,259,721,258,784,201,975,936
386,1,110,339,218,557,150,100,119,741,241,148,783,670,366,696,989,453
387,1,243,640,641,911,59,147,864,508,807,492,791,319,659,339,532,206
388,1,127,651,22,902,66,491,132,957,661,465,744,21,510,758,667,145
389,1,95,931,316,897,309,485,242,265,672,808,736,360,489,493,159,409
390,1,682,55,214,31,902,289,23,135,790,737,951,100,105,795,51,152
391,1,182,380,208,622,916,564,826,248,776,994,607,888,942,104,107,441
392,0,191,816,185,480,371,429,460,322,651,17,867,635,78,35,160,818
393,1,953,819,940,351,166,825,831,657,3,475,824,72,405,81,183,613
394,1,21,630,678,932,482,155,10,575,360,144,961,453,549,770,476,889
395,1,382,639,517,687,442,182,279,839,843,990,309,291,497,921,283,147
396,3,851,672,635,358,141,86,273,752,560,652,444,291,87,936,327,487
397,0,203,925,107,288,214,612,314,132,114,862,856,816,751,860,256,869
398,1,457,259,507,607,577,850,674,197,416,168,131,34,921,773,511,264
399,0,877,94,672,789,750,765,44,125,133,123,777,786,451,667,561,220
400,1,250,758,391,893,669,782,55,179,757,666,153,944,617,9,131,576
401,2,508,229,22,506,811,435,935,681,955,977,863,141,558,181,500,842
402,0,94,706,18,364,594,21,156,484,36,277,741,711,69,320,919,695
403,3,858,927,426,626,134,53,630,92,951,305,551,316,941,343,495,376
404,1,84,937,401,58,394,141,302,572,144,73,192,43,335,44,767,314
405,3,694,354,377,624,970,795,785,133,329,84,556,155,747,46,111,751
406,0,966,772,276,778,467,688,525,617,337,811,108,780,815,335,982,786
407,3,222,82,281,976,59,229,284,572,784,608,201,800,570,7,888,104
408,1,470,258,544,422,281,580,266,882,388,158,26,749,723,942,967,710
409,0,585,993,211,579,295,395,407,394,872,397,609,894,804,106,187,823
410,1,621,263,57,80,687,76,959,296,550,947,796,808,195,431,374,8
411,1,677,473,161,876,609,37,755,649,29,30,946,925,36,426,651,593
412,4,308,966,807,413,552,963,913,862,893,84,661,439,923,39,410,500
413,1,579,175,467,987,753,975,470,928,339,994,861,398,575,348,909,981
414,1,491,695,967,761,856,574,372,217,940,733,794,140,567,416,359,382
415,0,249,413,520,369,76,234,478,150,558,132,181,298,157,657,786,428
416,4,338,54,520,705,587,738,820,637,234,542,814,21,672,303,189,601
417,5,856,485,779,96,790,840,889,908,994,996,865,112,374,524,224,194
418,0,604,693,248,772,616,274,581,296,882,136,580,826,469,950,592,915
419,5,841,725,847,633,905,663,439,264,454,879,948,909,932,353,862,585
420,1,59,812,772,737,528,90,674,466,464,366,19,253,753,615,83,361
421,0,841,271,534,810,96,318,344,111,315,766,626,515,840,156,141,721
422,1,226,436,154,976,414,923,234,993,880,407,353,516,839,365,1,685
423,0,641,561,397,408,988,997,486,783,91,256,616,542,698,647,254,482
424,1,526,516,651,655,820,226,885,242,367,208,436,899,959,430,310,907
425,1,77,159,112,776,766,463,797,370,18,523,383,579,827,57,110,341
426,1,622,501,617,566,17,577,232,608,209,879,332,114,161,550,567,668
427,0,91,481,691,732,501,724,293,321,859,994,47,549,98,5,713,394
428,0,483,578,83,792,914,237,630,57,486,989,837,641,994,953,867,679
429,1,944,428,83,470,15,136,495,369,680,395,295,434,91,220,52,792
430,0,554,679,492,741,699,529,607,376,997,844,811,788,483,650,956,660
431,1,881,685,1,73,647,950,681,43,771,905,963,968,852,754,46,615
432,1,60,583,265,958,978,9,716,411,416,501,75,472,860,950,50,496
433,1,34,972,174,379,49,11,551,124,814,369,825,842,321,661,121,619
434,4,718,425,934,293,734,677,294,687,276,522,188,174,902,407,243,75
435,2,299,360,710,594,518,300,163,87,536,164,250,290,774,307,970,626
436,1,43,694,361,517,841,179,171,808,275,857,581,621,394,743,432,223
437,1,344,70,198,221,99,699,450,320,529,61,742,684,149,547,55,429
438,1,285,274,468,935,824,166,844,402,382,237,65,771,410,32,294,952
439,0,887,929,527,670,979,167,434,605,945,595,483,1,746,570,376,703
440,3,996,299,14,164,62,964,209,454,157,598,965,244,313,963,609,405
441,0,520,221,6,97,952,903,861,787,995,764,375,960,20,287,632,34
442,1,604,54,50,173,706,684,468,462,199,154,484,11,299,843,905,499
443,0,972,979,252,213,725,132,204,710,501,795,327,80,199,229,833,878
444,1,258,549,120,894,561,741,87,439,629,398,127,663,681,758,105,335
445,1,26,89,307,84,509,23,505,892,684,745,416,927,42,557,588,46
446,1,118,283,743,389,860,381,358,526,899,954,587,6,922,599,279,144
447,1,55,260,621,200,927,614,540,871,675,617,570,900,674,166,744,10
448,4,844,280,574,832,283,891,830,755,942,564,545,344,740,279,427,430
449,1,886,761,757,913,508,434,150,468,407,855,122,333,960,750,912,632
450,0,895,236,64,98,671,687,230,218,641,903,148,178,981,966,615,544
451,0,742,265,939,369,665,858,443,564,979,676,476,107,734,21,987,500
452,1,596,862,742,363,534,485,619,423,239,364,438,845,644,546,382,838
453,0,523,79,521,602,242,548,966,343,56,179,217,833,716,124,744,901
454,0,412,804,365,251,123,47,515,572,520,778,192,776,151,397,411,450
455,0,778,718,633,593,700,846,15,558,487,609,863,691,226,421,338,659
456,0,997,240,734,629,330,284,375,542,612,551,910,217,661,617,149,675
457,1,810,667,523,383,999,393,773,388,903,504,739,177,404,368,963,145
458,0,690,390,433,105,485,399,715,978,859,102,50,615,62,428,580,235
459,1,392,481,474,978,702,553,814,87,687,585,660,254,283,5,717,642
460,3,55,465,994,261,957,48,850,349,894,769,72,263,789,277,915,716
461,1,455,846,284,432,882,346,597,343,9,365,838,241,783,320,531,709
462,1,368,943,507,349,147,968,403,341,399,998,886,282,995,588,561,912
463,0,326,992,250,780,485,165,374,804,239,95,524,314,209,908,943,657
464,1,756,999,589,49,376,429,675,64,154,83,250,775,541,873,746,401
465,1,174,733,727,459,766,999,275,512,859,26,453,838,637,841,544,840
466,4,786,15,856,619,64,415,28,698,141,91,539,587,802,935,449,543
467,1,603,218,206,434,951,790,759,825,332,578,137,872,493,31,74,984
468,1,813,299,617,699,300,376,241,989,611,800,305,23,597,39,501,316
469,1,694,423,311,737,658,456,836,28,330,653,427,615,334,552,16,465
470,1,608,794,867,747,996,259,361,127,257,314,267,539,969,820,683,225
471,1,516,933,675,942,937,528,77,400,453,604,27,766,921,682,636,904
472,1,584,769,757,522,909,0,20,568,796,845,502,830,964,937,419,425
473,1,777,63,638,60,282,7,549,637,462,608,908,532,121,397,742,427
474,1,518,383,894,257,206,382,150,200,321,319,972,236,36,780,192,485
475,1,513,545,360,858,397,250,710,207,24,369,720,239,964,653,999,435
476,1,125,124,622,790,659,340,487,788,875,518,618,39,569,644,462,563
477,1,155,196,792,110,776,675,903,937,693,729,723,577,465,315,524,958
478,1,832,301,44,806,854,334,514,179,639,717,492,792,734,815,867,267
479,0,635,93,807,296,777,508,119,823,531,221,143,579,589,15,318,278
480,1,39,128,738,228,371,930,344,993,389,840,190,652,247,832,29,611
481,0,899,79,763,851,406,277,350,791,974,363,331,317,927,655,124,60
482,3,945,221,45,811,355,352,584,951,293,543,369,411,801,773,483,996
483,0,733,447,557,498,134,798,252,112,396,550,898,552,647,329,330,240
484,3,96,585,736,557,312,220,413,109,118,100,61,744,768,786,887,336
485,1,285,887,442,61,313,544,290,539,799,808,685,482,311,559,36,949
486,1,815,377,467,154,897,760,933,319,106,692,397,34,459,931,934,32
487,0,855,426,615,561,391,653,464,703,923,694,436,462,344,748,555,84
488,0,890,722,401,212,368,679,689,649,631,627,536,393,14,634,494,602
489,1,234,460,149,788,293,816,400,449,239,438,558,279,843,254,798,191
490,1,251,885,953,683,177,655,339,152,995,291,356,259,4,522,76,279
491,0,784,439,916,621,752,974,188,676,452,585,490,879,201,687,566,804
492,1,475,737,961,730,55,960,146,576,364,514,379,21,497,79,473,923
493,0,70,612,855,668,994,140,469,470,12,290,145,514,633,871,330,964
494,0,361,443,343,66,858,783,563,422,527,706,703,326,682,836,917,724
495,1,178,904,341,839,868,591,306,903,60,6,83,833,987,422,309,102
496,1,675,916,649,580,922,645,379,660,112,492,442,89,460,598,770,584
497,0,520,972,824,568,394,760,783,716,742,689,788,139,449,109,48,488
498,1,437,706,21,29,368,677,639,802,625,374,931,664,224,641,433,857
499,0,214,374,207,467,616,915,167,47,7,978,119,545,157,755,204,934
500,1,3,149,5,904,429,987,67,494,996,363,305,448,43,942,972,585
501,1,925,685,70,198,564,696,920,758,477,709,626,355,710,667,444,257
502,1,523,407,81,16,184,175,853,203,299,979,151,128,242,156,27,214
503,0,985,424,860,516,885,651,200,466,283,45,858,37,831,21,473,108
504,0,130,999,465,830,891,382,178,428,171,353,574,677,404,72,55,798
505,1,928,345,606,744,812,358,670,83,773,970,863,235,366,172,969,403
506,1,875,317,843,19,8,977,199,580,171,461,155,415,873,451,867,652
507,1,109,503,558,304,732,700,855,115,408,286,852,895,548,273,57,227
508,5,767,217,130,103,426,876,206,185,561,427,940,624,546,475,186,19
509,1,342,398,25,701,66,870,685,839,848,540,95,754,588,715,553,945
510,0,220,899,73,299,560,199,125,878,978,656,747,61,547,858,891,958
511,1,146,366,698,268,574,423,413,610,668,254,58,177,74,570,895,498
512,0,780,717,805,28,748,385,774,379,920,249,669,526,312,577,474,43
513,0,312,16,792,8,482,416,501,523,248,407,112,713,854,978,324,189
514,0,406,283,19,999,909,411,852,663,310,294,425,774,245,668,542,337
515,1,935,856,820,551,897,625,772,352,492,381,301,815,974,900,824,686
516,1,216,896,319,946,581,550,472,733,240,739,520,401,998,1,360,731
517,0,106,253,868,148,733,406,381,802,636,375,500,830,587,296,599,944
518,1,76,854,334,674,580,146,119,743,256,248,677,296,371,537,374,597
519,0,170,901,823,408,165,364,852,956,443,425,999,72,360,513,61,281
520,1,911,933,953,414,602,453,525,893,283,202,717,173,539,468,472,262
521,1,33,110,544,417,155,349,912,394,829,970,813,234,51,878,731,620
522,1,153,489,620,881,973,710,909,609,203,327,834,749,646,405,151,259
523,0,882,649,230,633,553,634,64,592,847,289,15,293,439,116,1,71
524,1,405,117,770,344,955,559,833,878,123,778,891,49,42,807,799,362
525,0,701,861,756,211,76,417,26,691,308,448,707,780,628,325,999,852
526,5,972,573,454,787,954,485,591,619,332,352,889,775,232,959,723,614
527,1,320,484,365,801,181,408,217,596,86,204,593,147,800,589,582,606
528,1,369,971,596,348,902,128,504,237,280,812,715,631,697,191,125,551
529,1,18,432,482,533,791,745,253,381,880,61,708,119,968,924,695,167
530,1,694,889,421,747,809,655,979,334,226,76,543,946,349,541,280,995
531,0,519,501,307,190,446,815,835,734,528,727,640,110,537,146,59,222
532,0,999,572,183,544,133,767,795,382,129,388,732,165,734,680,333,378
533,1,199,447,509,344,857,489,717,712,347,130,843,564,886,319,767,50
534,0,59,665,837,363,684,601,948,998,677,552,82,92,803,297,788,832
535,0,198,288,503,828,867,592,686,374,385,634,239,54,606,250,136,257
536,1,456,80,385,652,698,714,535,232,299,124,555,293,658,877,822,847
537,1,326,332,703,413,172,773,557,852,450,837,763,266,472,592,428,779
538,1,41,482,759,509,499,644,127,362,267,399,931,554,520,989,901,794
539,0,620,621,143,223,316,545,191,987,685,102,976,796,789,338,703,39
540,1,247,757,537,0,663,463,64,93,711,270,153,457,516,616,205,294
541,1,851,200,928,114,36,747,532,601,908,425,706,794,659,901,860,205
542,0,877,414,350,950,645,706,2,154,579,194,853,608,534,584,446,147
543,1,386,890,84,937,891,329,248,941,241,45,783,541,421,799,429,819
544,1,49,848,350,816,854,14,654,933,13,968,913,499,926,369,650,136
545,0,263,413,472,766,516,308,651,747,788,593,145,382,144,222,983,718
546,0,863,523,307,661,830,543,27,360,859,169,271,157,29,949,447,773
547,1,132,784,560,625,767,139,231,806,211,108,517,889,340,711,828,824
548,0,59,410,395,132,944,124,255,145,402,511,56,962,271,689,912,304
549,1,588,672,295,311,254,769,944,121,328,428,570,658,625,535,965,81
550,5,513,384,991,161,856,628,401,436,715,950,824,21,213,796,201,45
551,4,708,305,745,964,825,853,662,118,171,572,150,314,936,147,944,763
552,1,882,721,857,861,18,825,800,750,349,596,17,296,120,390,219,305
553,1,664,959,911,705,87,803,254,632,797,179,256,679,607,754,103,776
554,1,805,825,60,651,145,779,157,889,654,739,726,184,347,802,92,586
555,0,241,662,733,537,586,518,34,657,327,734,648,324,663,517,927,769
556,1,656,597,32,596,875,795,380,790,461,671,79,476,437,448,175,920
557,1,857,638,812,321,872,920,965,418,313,329,413,790,734,131,74,500
558,1,98,416,12,64,221,426,316,546,237,93,206,948,75,214,371,410
559,1,626,16,261,134,844,978,597,123,110,362,826,78,322,763,188,578
560,1,209,783,454,318,187,645,746,13,268,984,195,453,21,631,671,323
561,1,903,911,934,474,354,652,932,518,106,375,706,298,137,896,922,25
562,1,454,271,701,956,884,446,54,18,836,239,202,775,339,719,917,565
563,0,713,397,485,544,19,517,8,718,208,506,126,207,491,45,866,137
564,1,409,895,345,743,105,317,649,478,211,484,238,629,248,890,945,408
565,1,963,211,175,537,280,753,264,142,200,918,124,912,851,321,403,770
566,1,183,492,116,510,394,813,721,741,975,188,733,833,118,468,113,209
567,1,324,732,880,19,234,226,281,58,62,276,198,53,800,420,569,279
568,4,298,201,931,377,435,606,664,74,471,775,241,587,18,941,80,44
569,1,641,860,484,42,832,94,303,962,859,599,103,601,511,810,95,23
570,0,414,870,660,708,178,551,93,179,161,475,21,352,376,777,348,109
571,0,965,123,677,101,264,635,664,667,355,181,551,972,612,160,916,499
572,0,31,282,225,730,187,919,896,375,747,878,325,461,438,490,476,603
573,0,163,991,616,171,345,97,592,498,9,899,115,589,447,617,425,2
574,1,351,379,971,275,108,295,866,731,279,348,141,116,325,696,885,887
575,1,10,776,501,831,969,794,459,329,695,250,330,414,26,581,146,529
576,1,298,471,878,202,281,993,458,836,44,248,341,147,371,313,436,51
577,1,799,402,476,585,871,142,601,692,312,330,486,15,77,599,522,800
578,1,140,928,221,234,708,311,3,138,888,811,731,856,617,21,17,386
579,1,1,512,135,742,407,575,433,975,853,302,349,898,678,354,792,819
580,3,103,195,805,797,801,756,942,755,164,597,493,642,656,872,216,864
581,1,687,117,510,427,524,656,783,580,474,36,529,452,499,822,521,516
582,1,53,881,413,603,77,331,241,995,610,475,696,218,987,22,747,993
583,1,66,431,890,545,726,87,974,774,31,407,525,915,186,913,715,643
584,3,214,379,859,340,132,797,331,265,28,497,688,267,103,446,349,742
585,0,153,608,224,302,148,580,294,812,564,417,116,551,99,554,164,914
586,0,810,854,823,37,469,62,710,727,871,536,330,805,300,2,763,488
587,0,773,134,452,506,194,425,31,304,888,3,647,662,535,977,821,479
588,1,533,504,868,258,838,649,783,809,266,43,79,918,111,21,18,848
589,3,660,684,749,232,757,578,540,730,410,532,763,553,147,98,194,74
590,0,234,0,510,163,387,22,236,668,835,422,776,992,335,610,381,771
591,1,233,200,460,77,729,182,780,712,862,389,877,351,878,454,994,461
592,1,725,398,149,955,141,641,784,719,237,752,535,558,932,888,158,407
593,1,423,999,839,262,673,65,267,647,283,698,874,573,15,900,301,729
594,0,579,599,60,128,806,314,682,91,578,692,270,84,20,214,352,605
595,0,213,690,227,526,450,150,372,766,225,678,24,651,749,677,267,778
596,1,486,33,878,417,198,694,61,261,724,626,796,43,733,751,766,543
597,1,748,949,363,679,143,379,248,284,840,686,25,707,856,626,279,788
598,1,137,39,582,203,495,499,561,234,258,43,642,337,600,974,849,589
599,0,672,923,952,92,958,949,858,237,351,734,190,772,241,156,235,916
600,0,547,594,477,83,244,30,238,209,762,357,441,950,530,697,714,220
601,1,106,467,153,657,232,838,450,290,749,571,823,322,53,43,584,446
602,1,724,978,338,2,138,348,720,968,894,534,412,856,9,106,779,172
603,1,548,209,210,519,623,411,562,860,955,561,91,128,39,431,485,461
604,0,661,41,255,984,892,757,829,496,512,586,785,961,725,932,828,244
605,1,645,825,99,566,349,402,351,954,942,682,434,795,607,777,766,642
606,1,865,155,838,653,442,526,621,16,202,413,142,908,221,810,382,165
607,1,21,562,954,925,320,773,483,831,577,298,767,345,210,97,527,614
608,1,366,648,534,372,193,757,396,49,560,1,729,778,133,459,546,853
609,1,212,443,3,110,997,466,459,397,568,85,407,290,389,909,521,175
610,0,947,580,971,895,211,30,612,990,314,197,679,911,74,179,308,334
611,1,153,939,339,871,479,227,612,439,301,319,448,413,749,384,975,822
612,1,597,83,657,117,585,563,815,205,618,215,22,360,804,841,192,551
613,3,345,252,214,990,892,475,134,955,459,435,914,676,644,472,681,606
614,0,474,335,6,202,701,209,272,714,285,728,854,810,898,850,901,177
615,1,430,970,167,501,756,889,576,529,798,870,53,570,10,862,277,223
616,1,690,675,768,725,111,26,286,907,226,799,742,222,536,603,151,947
617,1,20,673,627,246,672,829,779,414,57,512,87,490,272,139,127,158
618,4,768,655,997,733,893,736,871,290,615,409,429,529,900,161,372,547
619,4,97,712,598,844,316,223,475,371,468,717,231,504,967,941,238,148
620,1,621,836,129,146,677,801,909,80,125,271,291,845,950,87,234,458
621,3,296,725,193,120,243,511,927,911,865,823,819,964,83,808,976,636
622,1,805,529,262,78,451,901,406,519,634,66,0,328,856,993,52,731
623,1,854,602,653,796,542,912,109,70,301,809,137,207,191,260,782,874
624,0,302,405,160,73,409,892,10,318,987,265,343,855,195,340,739,769
625,0,296,662,858,102,527,806,906,205,725,952,922,192,388,31,132,60
626,1,593,178,344,691,582,53,103,225,169,450,711,879,14,974,438,430
627,1,770,563,412,66,802,793,649,925,72,609,203,567,579,652,393,329
628,1,701,161,229,215,392,17,23,788,22,671,131,137,504,753,521,924
629,1,349,170,569,376,727,397,324,869,696,981,929,273,544,74,407,507
630,1,39,859,927,127,141,282,570,251,777,101,437,404,317,647,456,301
631,3,498,906,553,705,313,192,377,633,463,266,203,441,669,418,390,731
632,1,202,425,121,382,368,396,49,826,316,497,872,229,729,252,300,733
633,0,921,575,860,648,394,451,588,123,515,423,73,700,87,752,912,145
634,0,555,332,96,125,856,119,266,179,516,355,209,533,436,299,882,36
635,0,790,50,177,582,55,315,384,814,124,32,565,889,461,849,640,365
636,5,591,205,917,735,924,333,190,11,226,361,381,69,235,283,697,967
637,4,125,805,329,380,41,710,386,98,441,512,687,551,375,917,985,893
638,0,875,680,89,615,135,979,655,803,228,815,160,60,433,109,432,679
639,3,57,834,217,52,123,54,811,433,224,968,922,103,952,204,48,740
640,1,867,452,783,795,495,326,890,773,829,58,156,79,563,119,584,954
641,3,298,424,54,457,264,546,42,685,529,139,196,159,605,588,753,507
642,1,291,169,144,588,721,486,431,731,239,631,424,327,129,341,347,883
643,1,537,318,462,501,798,931,461,864,797,37,42,548,236,594,821,529
644,1,779,23,571,952,636,373,676,105,115,328,163,25,697,52,268,151
645,1,650,568,969,19,576,168,185,819,187,407,625,489,903,107,388,520
646,1,52,217,278,680,704,79,72,857,742,600,649,986,255,787,14,445
647,1,715,343,213,573,913,947,491,340,569,732,629,711,5,582,199,470
648,1,251,224,565,50,959,171,960,922,31,111,8,957,166,650,23,497
649,1,190,956,775,753,725,509,592,398,678,122,382,308,905,662,72,944
650,1,243,731,745,69,793,371,379,835,741,704,230,378,950,878,484,137
651,0,545,923,607,588,624,311,382,252,823,331,913,627,864,876,603,3
652,1,528,662,972,915,743,338,771,521,834,446,601,900,866,619,495,582
653,3,172,968,736,250,983,261,262,610,474,717,797,151,825,337,744,393
654,1,321,995,809,159,366,81,942,775,377,437,843,142,447,541,936,331
655,1,826,377,819,487,551,144,630,462,584,832,461,889,137,659,611,792
656,5,186,506,818,327,696,460,484,731,983,595,884,572,531,73,970,256
657,0,190,992,702,134,547,839,714,874,105,181,525,595,209,409,261,416
658,0,699,69,980,615,773,206,442,250,175,738,782,61,718,544,955,296
659,1,546,748,926,73,45,93,197,844,700,390,191,473,563,745,183,349
660,1,804,383,369,634,120,615,642,133,771,531,414,712,750,464,783,213
661,1,49,56,525,358,376,419,889,461,867,497,261,741,670,65,477,899
662,4,774,959,556,222,387,218,559,365,426,93,254,566,71,863,750,94
663,1,115,96,945,140,471,376,617,988,591,85,209,924,703,338,152,391
664,1,828,520,764,893,101,923,252,873,375,438,446,137,318,64,176,348
665,0,836,604,364,350,745,91,717,429,625,449,908,371,384,833,80,250
666,1,877,845,705,913,332,578,300,843,906,5,276,472,369,627,117,116
667,0,565,806,718,948,294,405,213,296,900,505,331,753,862,671,194,22
668,1,665,483,64,828,400,615,281,973,884,462,7,229,59,866,456,266
669,5,950,212,458,591,831,733,534,532,975,473,69,266,582,333,838,797
670,0,358,700,827,710,129,202,508,999,117,727,175,66,64,124,884,446
671,1,754,468,921,676,398,69,742,481,464,8,65,214,254,341,837,98
672,0,422,821,416,677,708,695,61,59,660,732,751,782,290,389,981,705
673,1,169,191,367,461,891,217,940,680,18,447,68,580,501,697,514,190
674,1,702,615,52,704,66,21,694,456,950,706,837,29,185,334,56,279
675,1,123,811,632,131,838,475,198,137,968,57,380,373,462,737,879,454
676,0,9,991,168,863,242,615,571,368,33,174,880,345,914,403,653,514
677,1,491,766,650,796,31,539,364,523,693,918,244,689,60,792,135,904
678,1,497,840,106,713,783,129,53,335,853,771,590,751,736,904,295,158
679,1,355,577,226,726,918,735,211,549,328,132,215,341,774,53,699,709
680,1,837,146,506,774,254,496,161,566,228,663,310,444,401,915,785,556
681,1,413,294,49,310,199,447,803,785,262,700,466,259,973,463,244,105
682,1,998,983,159,979,697,167,181,56,389,392,520,221,271,889,242,838
683,0,64,539,350,527,831,813,151,771,450,153,425,422,370,362,630,932
684,1,229,205,361,630,964,371,202,288,391,695,131,54,795,461,147,285
685,0,603,345,179,308,316,137,550,66,633,46,519,21,112,684,781,831
686,0,59,293,103,5,433,331,695,661,2,630,519,453,477,644,315,223
687,0,676,42,352,309,252,567,875,497,191,50,71,447,438,838,757,449
688,1,233,98,101,662,745,556,601,142,892,637,920,976,770,804,805,315
689,0,420,582,922,461,560,905,140,716,971,947,10,876,531,802,683,353
690,1,619,377,334,875,87,639,46,571,723,562,128,425,372,950,611,693
691,1,194,981,16,848,136,273,648,108,353,252,927,372,209,594,317,748
692,1,660,463,875,515,419,602,577,654,616,103,739,467,698,991,554,168
693,1,924,349,137,136,266,647,359,593,178,522,426,67,311,413,763,57
694,1,397,995,680,243,117,179,392,718,289,539,222,436,367,805,717,412
695,0,819,256,622,41,33,231,593,627,810,37,977,196,329,760,950,776
696,0,890,825,242,693,322,891,874,681,109,498,585,306,794,870,285,272
697,1,665,821,48,161,145,63,892,101,181,177,57,232,17,930,120,747
698,1,252,330,197,955,339,492,920,446,21,733,527,248,457,516,757,249
699,4,887,459,63,473,268,495,151,339,353,684,260,712,976,222,320,560
700,3,558,29,245,776,108,765,806,182,973,330,796,638,713,410,382,228
701,1,133,243,200,377,245,361,602,122,30,881,711,343,447,962,335,685
702,0,645,45,102,762,709,696,866,669,68,268,689,597,818,710,435,884
703,1,716,39,981,232,879,758,179,427,844,982,18,938,974,47,668,745
704,1,991,865,307,941,776,810,789,399,183,942,336,387,661,98,785,859
705,1,509,208,188,635,34,5,23,438,619,846,368,391,14,828,601,510
706,1,238,29,323,451,422,87,685,777,214,845,893,492,559,939,824,127
707,0,909,593,829,773,186,379,617,858,676,677,616,759,20,952,660,269
708,1,592,582,984,357,967,359,689,273,800,956,710,712,701,549,376,275
709,1,257,778,807,913,105,338,602,351,865,100,851,234,742,470,889,639
710,3,74,892,709,243,501,923,922,930,355,809,720,806,774,46,799,265
711,1,195,823,731,770,920,765,791,944,436,361,588,685,71,753,472,850
712,3,681,78,311,844,381,977,569,237,479,760,73,326,911,338,581,552
713,1,113,609,871,284,206,414,550,704,10,797,213,760,586,914,877,197
714,3,979,767,551,939,437,29,569,970,860,776,273,9,916,897,950,64
715,0,879,237,220,172,287,790,826,722,763,900,2,280,47,466,931,608
716,1,788,821,696,608,901,481,617,822,995,68,133,80,281,151,347,855
717,1,978,811,413,845,451,88,416,350,33,344,546,395,505,834,136,913
718,0,559,691,778,142,821,742,202,227,93,107,334,262,159,571,962,273
719,0,395,578,65,498,356,334,221,603,418,452,341,835,279,780,3,461
720,0,452,829,775,615,916,392,682,201,749,482,127,641,106,152,60,926
721,1,617,247,32,613,321,384,455,852,345,644,360,623,316,253,476,724
722,0,359,316,742,436,515,990,296,575,757,532,702,178,694,711,977,573
723,0,255,875,472,373,95,657,941,310,298,568,313,259,877,916,709,214
724,1,805,668,60,622,524,377,545,325,139,842,370,852,740,293,259,715
725,1,170,376,565,226,499,908,191,621,327,139,704,343,974,742,989,1
726,0,356,662,559,403,961,383,75,115,459,247,143,883,504,430,948,175
727,1,571,97,823,391,419,256,685,247,884,795,128,21,704,387,120,426
728,1,951,636,793,724,59,791,916,991,475,810,241,83,239,610,647,888
729,1,837,65,778,600,563,865,680,203,452,309,198,835,920,125,161,42
730,0,622,328,506,673,999,944,782,802,577,149,760,273,206,644,243,332
731,1,399,451,615,2,880,453,190,73,112,317,373,116,949,19,569,83
732,0,39,524,771,888,155,752,298,322,499,940,316,681,423,36,145,455
733,3,940,268,349,347,740,324,74,618,896,639,412,941,225,813,86,963
734,0,731,667,834,526,878,215,888,378,608,425,638,235,502,933,284,18
735,1,619,856,813,307,926,49,731,356,725,73,63,690,303,183,38,880
736,3,342,324,433,864,584,831,536,282,256,340,2,192,315,777,843,345
737,5,411,910,281,636,461,262,38,198,682,417,379,150,466,204,552,350
738,1,454,973,541,846,240,699,460,291,577,255,573,500,571,519,69,653
739,1,213,659,764,881,409,773,674,930,181,73,673,901,128,447,308,456
740,1,683,62,795,214,567,410,650,192,831,424,131,972,21,461,871,451
741,3,697,284,327,918,735,992,828,159,248,524,150,96,613,223,532,309
742,1,847,512,580,940,338,408,858,472,578,387,347,132,242,877,765,885
743,1,740,916,686,276,128,480,648,376,939,826,279,380,929,825,728,357
744,3,660,322,298,352,508,504,821,479,903,856,424,143,196,402,974,576
745,1,414,129,102,823,79,151,781,149,597,978,39,916,910,976,219,659
746,1,77,490,1,558,861,803,843,140,751,372,507,531,705,768,953,581
747,0,643,41,638,493,417,454,803,497,781,10,596,444,609,966,626,390
748,1,444,761,577,179,887,391,158,645,904,140,676,871,79,767,315,712
749,1,251,571,939,242,636,264,418,488,155,770,203,782,123,852,975,658
750,0,863,376,625,494,412,505,207,950,19,390,532,132,664,417,891,257
751,0,897,167,87,341,295,925,99,789,452,18,674,604,163,106,940,820
752,0,429,330,173,149,716,701,780,905,561,305,634,986,790,832,261,564
753,1,532,588,221,49,586,451,524,454,676,351,95,995,367,965,663,875
754,1,745,676,143,802,820,142,473,383,116,456,999,292,276,409,417,697
755,0,820,940,539,392,367,308,626,911,414,102,640,681,165,292,354,812
756,0,832,790,535,879,31,912,241,900,871,262,794,446,41,266,375,716
757,1,670,594,954,577,834,469,949,510,173,936,128,322,50,372,849,616
758,0,625,432,750,341,69,90,963,621,405,386,494,861,164,939,958,900
759,3,203,262,771,121,695,753,914,436,356,160,482,312,345,642,567,832
760,1,547,797,712,848,328,659,549,604,504,351,764,845,515,675,67,196
761,1,317,424,957,917,22,803,275,869,903,309,656,228,855,788,537,134
762,1,547,545,251,15,97,950,650,335,896,478,267,472,64,902,459,197
763,1,964,954,736,588,621,295,995,970,419,130,509,669,129,935,839,388
764,1,243,515,759,283,573,718,255,445,584,484,559,502,234,503,451,941
765,1,760,902,264,660,307,803,685,296,208,123,752,854,468,516,57,488
766,1,98,494,894,107,801,862,618,32,185,573,313,704,299,664,890,870
767,1,838,86,846,524,41,701,466,749,250,832,107,159,75,94,622,173
768,1,355,154,576,896,925,672,510,862,654,382,663,599,197,450,973,685
769,1,127,622,13,387,957,732,702,762,595,70,125,534,330,752,460,58
770,1,900,616,214,579,785,803,206,388,517,923,657,950,58,48,593,67
771,0,469,672,584,222,541,470,647,635,790,705,387,911,237,831,707,11
772,1,381,741,186,7,552,857,795,986,510,299,841,289,764,560,189,450
773,1,169,794,395,974,827,494,400,857,734,786,45,277,639,359,696,209
774,0,239,185,387,38,271,24,970,177,720,195,592,260,460,94,170,167
775,1,946,609,430,508,770,569,559,384,745,174,492,626,863,154,582,451
776,1,872,305,188,430,986,154,479,318,785,11,886,272,755,680,958,218
777,3,713,994,788,270,699,742,628,495,849,805,922,436,385,213,46,701
778,1,587,924,373,120,446,459,620,940,740,731,892,251,816,499,739,49
779,0,927,8,866,100,438,287,386,873,611,994,226,366,661,125,42,423
780,4,745,121,250,163,394,111,243,614,534,601,191,303,798,151,487,265
781,3,440,755,437,7,364,984,273,855,2,450,385,893,773,36,167,346
782,1,921,733,475,674,993,528,822,814,92,935,114,650,161,133,560,352
783,0,697,171,193,911,642,954,257,253,338,264,74,768,922,128,682,965
784,1,509,622,583,716,811,722,385,561,791,61,565,428,587,19,488,854
785,1,224,199,581,977,728,702,951,941,62,624,561,394,358,350,303,979
786,1,877,620,423,121,623,309,452,69,27,897,110,26,893,826,145,261
787,0,525,893,834,226,638,302,678,341,281,651,788,170,240,413,322,936
788,1,819,768,653,500,920,309,694,538,130,73,898,754,948,699,89,552
789,1,435,203,96,824,694,362,804,813,555,668,557,911,124,502,470,359
790,3,343,985,987,701,844,774,215,591,789,721,160,588,942,101,550,166
791,1,319,538,337,415,82,191,800,181,870,997,984,615,958,244,581,380
792,1,611,680,836,393,57,248,527,508,269,276,501,366,959,994,104,299
793,1,271,60,726,620,949,753,581,707,169,852,374,729,490,642,361,257
794,1,106,345,706,613,792,267,656,264,693,65,826,363,50,344,357,540
795,1,953,666,105,570,50,941,614,588,603,592,3,543,522,810,513,640
796,1,594,360,940,669,896,227,705,465,502,973,407,43,591,135,359,242
797,1,400,458,677,689,986,223,701,350,352,800,130,322,897,387,29,177
798,1,149,774,981,198,461,959,480,232,214,9,627,603,364,669,358,418
799,3,504,693,714,989,783,969,585,109,919,828,887,590,371,206,954,870
800,1,988,521,767,51,539,823,244,153,948,824,660,349,828,4,614,36
801,0,635,996,118,330,842,87,966,926,354,254,522,11,860,226,475,440
802,0,992,62,828,286,330,45,603,880,990,252,84,424,507,481,301,815
803,3,363,533,330,586,816,149,357,529,700,33,829,18,437,420,102,548
804,0,771,514,940,525,367,249,213,189,113,911,237,802,371,248,55,629
805,3,183,238,743,125,203,429,198,823,402,84,104,700,772,239,472,411
806,1,643,406,811,578,405,264,549,459,42,726,629,504,290,44,35,579
807,0,563,400,697,124,177,10,164,745,662,75,818,685,861,289,14,464
808,3,321,256,344,813,712,5,522,289,839,824,235,75,672,178,641,42
809,0,772,821,844,435,202,504,635,538,373,366,155,508,459,395,841,291
810,1,618,612,912,532,258,278,549,486,970,993,858,519,131,225,441,722
811,0,345,493,774,600,754,812,702,196,645,411,401,188,923,35,239,737
812,3,732,260,534,955,273,635,738,665,646,149,802,890,734,76,181,207
813,0,518,671,291,391,215,403,120,997,972,81,191,148,567,86,491,670
814,0,742,94,8,144,231,315,610,810,398,164,286,49,254,657,507,134
815,0,179,757,366,61,332,7,585,834,429,612,56,356,921,41,317,543
816,1,864,397,132,455,636,201,10,627,72,340,869,470,81,908,777,958
817,0,744,904,213,71,81,236,0,430,75,299,711,659,825,288,352,584
818,1,128,68,729,89,395,630,663,966,216,857,95,670,308,158,208,501
819,0,382,730,665,641,775,499,65,937,873,523,153,111,747,412,347,886
820,1,960,762,219,625,130,499,757,967,375,230,748,412,242,287,79,336
821,3,158,774,529,570,437,601,993,827,840,763,670,580,131,500,425,330
822,1,734,171,598,864,151,690,799,685,623,491,391,999,944,921,850,472
823,4,146,669,949,785,511,641,275,460,76,326,692,859,962,978,844,280
824,0,797,405,227,469,287,242,669,96,445,504,271,616,314,239,534,167
825,0,524,339,570,737,543,402,307,425,17,431,668,60,421,242,727,239
826,0,696,14,609,88,277,515,748,69,649,715,29,234,918,814,777,945
827,1,503,879,632,946,441,91,758,440,640,564,38,578,423,196,728,127
828,3,106,515,418,817,142,432,267,294,429,593,254,414,140,458,256,48
829,0,964,526,587,876,367,555,288,945,845,416,377,324,949,721,388,111
830,4,148,454,868,701,453,537,484,811,136,301,395,124,138,431,428,251
831,1,346,495,175,840,216,995,872,30,310,400,455,58,279,675,718,285
832,0,670,962,970,933,153,47,24,260,831,221,683,760,464,519,285,562
833,1,980,446,328,604,338,227,945,578,909,327,330,547,556,668,114,502
834,0,924,672,427,403,709,927,691,559,179,613,178,135,486,940,437,7
835,0,934,374,446,575,709,179,672,630,778,105,667,46,601,218,732,903
836,0,230,342,201,814,45,943,781,771,197,990,366,592,147,967,117,5
837,1,668,118,335,28,479,629,827,117,96,388,288,832,903,570,347,934
838,0,604,118,493,593,895,114,762,1,337,903,294,121,946,533,671,655
839,1,779,208,750,771,734,906,843,152,939,965,827,846,383,928,515,489
840,1,605,206,455,324,353,83,726,687,23,991,928,395,150,896,63,995
841,1,489,868,497,754,65,48,738,983,730,481,688,590,685,455,692,697
842,0,829,164,571,448,113,184,518,886,52,573,449,463,394,915,551,565
843,1,332,473,899,341,351,135,8,263,255,798,113,448,809,207,973,422
844,0,74,304,197,943,342,396,639,681,936,732,30,555,468,59,645,728
845,1,720,620,775,593,590,869,109,603,430,208,152,742,528,752,193,885
846,1,156,349,147,260,547,674,772,423,648,897,563,845,962,552,186,43
847,0,562,732,248,785,265,467,501,751,496,264,585,675,522,843,635,780
848,1,421,894,96,443,398,400,494,617,757,159,24,51,929,881,640,804
849,1,696,169,146,341,764,191,649,141,647,882,937,458,64,624,987,322
850,1,453,450,687,957,732,391,726,905,979,299,996,731,514,906,715,829
851,3,884,437,515,484,723,151,456,448,198,260,117,366,546,516,141,364
852,1,777,959,754,799,358,759,512,771,434,912,454,111,227,544,844,68
853,0,463,286,100,912,249,898,304,32,702,983,486,827,979,543,145,74
854,2,809,135,704,34,78,298,937,915,708,422,527,221,56,251,943,227
855,1,576,376,456,344,126,564,137,986,200,311,31,472,442,662,322,950
856,1,83,786,545,338,570,804,490,917,208,271,990,552,290,255,575,187
857,1,147,239,844,815,889,731,915,376,163,662,577,890,439,283,417,363
858,1,440,853,319,750,9,659,270,7,101,232,774,407,586,179,912,52
859,1,359,498,489,624,710,272,671,753,960,173,16,714,640,632,344,849
860,0,760,5,800,708,749,188,939,845,232,644,254,710,581,820,165,844
861,1,500,921,104,56,364,23,375,504,862,60,542,935,738,236,639,142
862,2,697,731,933,191,198,542,787,413,753,826,130,663,998,375,450,678
863,0,412,891,939,76,272,232,0,808,835,483,464,490,931,419,95,425
864,0,987,937,841,89,974,547,476,633,651,816,831,317,626,268,53,746
865,3,57,54,727,585,7,382,606,328,62,861,463,778,526,908,552,969
866,1,203,72,233,649,462,114,890,50,516,296,634,857,295,487,858,888
867,0,510,804,296,571,518,41,360,74,843,560,302,234,979,761,336,937
868,0,827,400,259,858,140,65,767,422,164,156,414,388,898,660,889,620
869,3,116,276,84,66,934,486,187,174,955,334,253,698,304,425,16,111
870,0,667,859,241,211,293,557,825,877,759,708,888,631,453,139,587,435
871,1,73,770,22,546,84,277,599,891,978,644,63,948,244,684,472,287
872,1,809,857,433,650,360,793,726,892,17,750,153,878,497,362,182,7
873,1,957,497,216,769,803,185,839,677,616,931,3,860,527,539,40,922
874,1,69,636,965,173,179,830,373,987,980,619,957,615,900,215,267,371
875,1,71,180,157,806,906,359,111,441,356,424,885,432,6,135,191,794
876,0,897,46,434,971,841,108,994,904,525,568,207,299,777,270,819,390
877,1,944,663,911,771,685,983,65,123,139,33,360,7,331,307,427,665
878,5,937,50,886,689,384,187,393,86,731,423,790,494,823,867,19,28
879,0,915,36,646,427,648,526,601,484,308,586,575,334,149,974,516,546
880,1,537,170,332,730,647,555,786,660,9,375,300,213,29,391,665,790
881,0,685,480,671,943,138,322,902,461,234,312,683,4,482,522,957,829
882,1,961,574,377,986,573,648,183,181,742,45,245,13,613,732,99,968
883,1,400,355,819,450,61,870,897,942,252,848,580,230,443,930,795,395
884,0,825,617,876,577,699,518,833,274,233,614,254,102,257,903,827,327
885,1,884,792,280,21,738,314,191,564,960,769,807,565,821,129,38,747
886,1,664,618,26,973,208,77,975,678,874,119,738,917,28,1,638,594
887,1,67,251,30,728,824,893,611,830,977,294,712,304,969,51,556,337
888,1,328,941,221,969,334,859,908,267,346,241,112,399,197,887,263,768
889,3,678,305,463,522,918,296,300,992,528,758,761,647,250,597,203,733
890,1,145,337,353,153,676,244,27,200,388,295,738,328,311,179,101,20
891,1,564,455,665,998,821,678,633,652,947,551,496,54,194,390,170,127
892,1,293,605,895,5,703,54,583,552,724,956,951,188,491,571,251,833
893,1,73,861,242,894,177,516,72,263,394,460,873,413,100,446,848,808
894,0,676,473,877,405,902,523,777,546,527,680,919,617,0,370,693,443
895,1,149,407,882,437,517,194,351,395,902,51,977,355,399,736,298,196
896,5,65,190,939,11,994,233,895,623,766,313,196,499,312,319,259,761
897,1,112,769,919,452,756,489,706,905,815,914,320,708,390,188,624,391
898,1,92,35,815,883,877,972,48,833,982,778,571,339,845,756,980,414
899,0,274,975,238,39,269,37,233,708,195,96,410,475,764,464,375,79
900,0,101,571,16,182,373,639,159,60,160,466,291,49,695,587,140,397
901,1,731,144,865,335,445,122,383,250,489,457,831,507,400,582,38,63
902,0,313,21,611,156,361,558,344,567,196,740,939,204,324,813,565,743
903,3,716,212,236,894,748,770,350,48,70,85,727,189,455,152,587,996
904,0,270,588,852,566,907,684,696,488,50,252,790,14,2,426,661,712
905,1,268,886,314,301,446,16,564,932,507,373,798,610,890,801,838,286
906,1,423,240,937,586,794,376,268,593,443,410,365,819,774,695,180,273
907,1,268,750,967,270,548,21,281,454,746,109,705,866,586,373,857,703
908,3,516,32,546,766,784,674,246,976,54,415,617,894,981,781,209,744
909,1,889,593,555,294,178,84,308,762,834,885,464,226,993,325,185,15
910,1,514,486,278,743,904,569,263,926,270,236,139,631,286,797,493,971
911,1,382,349,675,557,336,680,618,136,890,148,855,366,30,352,918,932
912,1,148,941,121,229,839,120,357,593,761,341,660,395,575,313,914,262
913,1,318,859,129,597,51,104,256,236,531,800,928,945,568,604,148,972
914,1,945,384,405,2,149,591,571,550,929,701,314,742,463,199,539,684
915,0,128,551,743,376,299,916,43,265,643,921,739,36,416,837,949,322
916,1,681,523,282,497,216,491,25,4,906,902,524,513,729,806,138,465
917,0,418,9,132,718,225,354,894,809,890,879,576,607,192,771,616,518
918,0,238,457,901,60,645,91,387,611,220,923,832,790,580,921,33,43
919,0,981,45,300,550,115,500,257,854,351,597,448,804,745,336,917,557
920,3,836,705,615,342,883,164,505,176,497,590,830,436,786,64,825,361
921,0,657,644,91,405,831,863,432,625,469,141,792,989,797,757,124,112
922,0,233,734,548,204,479,623,601,537,665,616,863,584,536,984,817,213
923,0,640,498,976,261,979,941,698,823,693,783,69,84,515,844,965,939
924,2,472,448,997,76,92,486,784,340,800,259,148,779,646,575,190,546
925,1,898,64,29,362,896,232,16,66,105,746,217,554,514,351,126,203
926,3,371,333,584,760,877,270,547,28,615,292,275,970,669,604,949,848
927,0,942,184,979,60,773,779,392,895,659,701,463,685,358,85,127,655
928,1,675,744,667,950,183,16,736,225,192,280,692,789,356,545,906,59
929,1,708,326,612,892,179,468,753,338,433,21,606,320,491,587,817,942
930,0,363,857,483,112,962,396,423,194,739,262,571,971,727,918,312,873
931,0,62,51,838,130,458,445,960,496,708,329,297,436,99,406,752,519
932,0,450,558,139,969,180,383,299,173,512,158,61,736,60,957,941,231
933,0,823,301,491,520,857,161,428,799,762,949,95,917,573,453,363,528
934,1,968,900,901,304,618,549,827,975,887,571,541,740,625,243,330,645
935,1,533,616,23,540,68,194,865,693,881,528,415,709,866,252,455,384
936,1,698,806,601,32,360,873,316,649,202,826,221,131,881,863,733,644
937,3,269,4,739,185,189,681,672,191,986,669,684,487,634,255,374,432
938,0,941,250,831,619,737,772,562,989,926,325,974,904,243,648,607,944
939,0,716,844,391,885,469,582,643,669,706,615,209,649,219,770,624,723
940,1,35,44,630,817,295,589,660,47,524,711,255,699,231,340,387,958
941,0,755,633,276,600,658,732,129,569,201,589,207,461,656,905,18,781
942,0,830,64,448,373,183,574,38,347,284,275,157,508,989,192,513,966
943,0,827,978,973,316,838,692,137,348,205,719,69,604,928,763,407,932
944,2,961,187,79,50,681,475,980,731,641,382,125,825,801,250,21,419
945,1,879,577,977,573,235,297,947,735,813,741,252,258,607,536,967,950
946,4,189,265,832,22,3,205,819,242,326,733,767,800,59,543,830,87
947,0,364,854,459,702,711,157,316,29,998,1,154,604,323,895,834,775
948,1,791,310,571,105,432,652,792,762,275,241,746,793,512,980,728,293
949,1,656,664,624,263,680,95,387,790,560,45,229,120,681,189,595,848
950,1,803,753,331,895,207,791,270,644,55,229,716,916,698,110,677,296
951,1,328,369,599,210,666,388,724,182,22,922,164,300,324,627,270,971
952,1,282,178,105,388,807,621,873,640,227,895,184,918,767,955,545,292
953,0,973,477,230,123,685,737,653,99,962,726,565,705,329,473,46,584
954,1,143,958,705,81,280,857,914,612,277,364,194,622,787,772,709,695
955,1,868,117,617,90,577,118,285,671,802,282,141,395,863,311,154,866
956,1,311,376,831,523,356,435,217,123,620,483,798,699,15,40,393,550
957,1,877,111,558,583,561,791,259,38,728,785,66,922,861,68,141,835
958,1,814,840,27,203,455,849,760,811,240,146,82,300,806,290,415,790
959,0,860,32,108,378,609,564,517,875,966,636,243,447,399,136,927,70
960,0,187,208,391,53,457,730,378,612,617,454,748,551,872,734,494,811
961,1,257,98,264,192,966,606,219,154,554,798,676,749,917,683,217,706
962,1,458,808,651,647,936,399,787,536,689,33,54,481,179,696,412,843
963,0,135,702,307,865,113,410,638,996,948,562,697,749,158,462,260,824
964,1,991,932,753,614,101,912,759,850,716,858,581,307,138,894,706,71
965,1,738,242,442,676,162,903,188,175,914,833,877,402,905,76,478,473
966,3,603,684,367,187,862,512,410,611,568,90,926,57,142,909,639,46
967,1,28,987,52,11,856,702,521,120,653,836,779,274,458,116,539,551
968,0,196,578,260,256,716,278,874,699,128,840,179,164,955,744,412,369
969,1,474,586,880,865,314,260,419,248,786,224,87,414,425,791,90,431
970,1,218,497,654,820,788,594,952,107,203,155,535,41,864,448,856,339
971,0,959,278,522,177,119,76,812,439,786,175,204,389,327,467,54,838
972,0,215,915,44,604,202,21,550,608,305,932,399,722,94,345,900,240
973,1,73,791,392,148,61,956,833,72,164,205,329,91,695,340,750,830
974,1,89,950,65,962,769,786,698,795,313,988,966,590,46,503,162,204
975,0,808,165,213,111,970,247,564,15,771,682,974,895,708,210,960,225
976,0,979,109,293,869,381,119,696,179,466,519,414,888,830,106,326,589
977,0,677,893,170,667,953,617,385,50,452,495,426,768,923,266,747,370
978,0,65,749,879,388,595,427,764,459,403,1,739,833,284,236,432,845
979,1,884,191,657,425,985,99,541,969,377,860,287,984,712,296,85,211
980,1,984,30,0,209,721,894,998,812,138,705,965,421,308,592,839,123
981,1,707,817,349,196,712,205,356,640,361,402,570,898,13,503,728,928
982,1,869,319,661,496,589,434,793,931,474,593,644,957,374,263,788,231
983,4,853,458,154,904,146,976,616,22,590,672,613,848,836,674,472,116
984,0,599,462,251,71,695,859,195,230,85,551,548,289,581,969,117,494
985,3,818,542,893,792,0,233,282,735,740,760,360,721,544,466,151,428
986,1,885,962,319,549,948,515,752,153,702,807,596,162,824,983,739,177
987,0,178,603,203,531,174,509,671,534,545,25,486,128,161,863,366,813
988,1,402,888,730,950,401,399,932,815,376,198,455,616,266,0,593,352
989,0,596,256,803,497,72,722,858,413,685,556,133,907,834,658,460,483
990,0,590,567,796,72,144,534,297,867,714,554,288,197,38,596,394,405
991,0,57,148,42,544,820,74,807,97,857,752,697,449,648,626,276,904
992,0,314,315,254,747,172,954,745,416,806,672,893,31,776,960,702,733
993,1,382,880,439,83,524,974,441,644,668,182,155,891,584,630,75,24
994,1,77,513,114,563,681,70,242,870,358,658,383,683,317,635,324,544
995,0,36,177,900,629,564,251,302,304,862,99,321,416,605,415,581,307
996,0,920,169,662,579,899,403,842,614,757,347,854,651,653,828,989,583
997,1,562,385,437,39,552,163,757,28,189,209,176,60,747,809,257,602
998,1,478,549,258,247,584,102,392,940,288,972,887,23,135,948,357,341
999,0,156,894,127,89,843,721,550,579,496,169,214,539,740,941,342,882
